1 K4 : (2,5) (2,6) (3,4) 
2 K4 : (2,5) (3,4) (2,6) 
3 K5 : (2,5) (3,6) 
4 K4 : (2,6) (2,5) (3,4) 
5 K4 : (2,6) (3,4) (2,5) 
6 K5 : (2,6) (4,5) 
7 K4 : (3,4) (2,5) (2,6) 
8 K4 : (3,4) (2,6) (2,5) 
9 K4 : (3,4) (5,6) (2,5) 
10 K5 : (3,6) (2,5) 
11 K5 : (3,6) (4,5) 
12 K5 : (4,5) (2,6) 
13 K5 : (4,5) (3,6) 
14 K4 : (5,6) (2,5) (3,4) 
15 K4 : (5,6) (3,4) (2,5) 
16 K4 : (1,6) (2,5) (3,4) 
17 K4 : (1,6) (3,4) (2,5) 
18 K5 : (1,6) (4,5) 
19 K4 : (2,5) (1,6) (3,4) 
20 K4 : (2,5) (3,4) (1,6) 
21 K5 : (2,5) (4,6) 
22 K4 : (3,4) (1,6) (2,5) 
23 K4 : (3,4) (2,5) (1,6) 
24 K5 : (3,4) (5,6) 
25 K5 : (4,5) (1,6) 
26 K5 : (4,5) (4,6) 
27 K5 : (4,6) (2,5) 
28 K5 : (4,6) (4,5) 
29 K5 : (5,6) (3,4) 
30 K5 : (5,6) (4,5) 
31 K4 : (1,6) (2,5) (3,4) 
32 K4 : (1,6) (3,4) (2,5) 
33 K5 : (1,6) (4,5) 
34 K4 : (2,5) (1,6) (3,4) 
35 K4 : (2,5) (3,4) (1,6) 
36 K5 : (2,5) (3,6) 
37 K4 : (3,4) (1,6) (2,5) 
38 K4 : (3,4) (2,5) (1,6) 
39 K5 : (3,4) (5,6) 
40 K5 : (3,6) (2,5) 
41 K5 : (3,6) (4,5) 
42 K5 : (4,5) (1,6) 
43 K5 : (4,5) (3,6) 
44 K5 : (5,6) (3,4) 
45 K4 : (0,6) (1,5) (2,4) 
46 K4 : (0,6) (1,5) (3,4) 
47 K4 : (0,6) (2,4) (1,5) 
48 K4 : (0,6) (2,4) (3,5) 
49 K4 : (0,6) (3,4) (1,5) 
50 K4 : (0,6) (3,5) (2,4) 
51 K4 : (1,5) (0,6) (2,4) 
52 K4 : (1,5) (0,6) (3,4) 
53 K4 : (1,5) (2,4) (0,6) 
54 K4 : (1,5) (2,4) (3,6) 
55 K4 : (1,5) (3,4) (0,6) 
56 K4 : (1,5) (3,6) (2,4) 
57 K4 : (2,4) (0,6) (1,5) 
58 K4 : (2,4) (0,6) (3,5) 
59 K4 : (2,4) (1,5) (0,6) 
60 K4 : (2,4) (1,5) (3,6) 
61 K4 : (2,4) (3,5) (0,6) 
62 K4 : (2,4) (3,6) (1,5) 
63 K4 : (3,4) (0,6) (1,5) 
64 K4 : (3,4) (1,5) (0,6) 
65 K4 : (3,5) (0,6) (2,4) 
66 K4 : (3,5) (2,4) (0,6) 
67 K4 : (3,6) (1,5) (2,4) 
68 K4 : (3,6) (2,4) (1,5) 
69 K4 : (0,6) (1,4) (2,3) 
70 K4 : (0,6) (1,4) (2,5) 
71 K4 : (0,6) (1,5) (2,3) 
72 K4 : (0,6) (1,5) (3,4) 
73 K4 : (0,6) (2,3) (1,4) 
74 K4 : (0,6) (2,3) (1,5) 
75 K4 : (0,6) (2,5) (1,4) 
76 K4 : (0,6) (2,5) (3,4) 
77 K4 : (0,6) (3,4) (1,5) 
78 K4 : (0,6) (3,4) (2,5) 
79 K4 : (1,4) (0,6) (2,3) 
80 K4 : (1,4) (0,6) (2,5) 
81 K4 : (1,4) (2,3) (0,6) 
82 K4 : (1,4) (2,5) (0,6) 
83 K4 : (1,5) (0,6) (2,3) 
84 K4 : (1,5) (0,6) (3,4) 
85 K4 : (1,5) (2,3) (0,6) 
86 K4 : (1,5) (3,4) (0,6) 
87 K4 : (2,3) (0,6) (1,4) 
88 K4 : (2,3) (0,6) (1,5) 
89 K4 : (2,3) (1,4) (0,6) 
90 K4 : (2,3) (1,5) (0,6) 
91 K4 : (2,5) (0,6) (1,4) 
92 K4 : (2,5) (0,6) (3,4) 
93 K4 : (2,5) (1,4) (0,6) 
94 K4 : (2,5) (3,4) (0,6) 
95 K4 : (3,4) (0,6) (1,5) 
96 K4 : (3,4) (0,6) (2,5) 
97 K4 : (3,4) (1,5) (0,6) 
98 K4 : (3,4) (2,5) (0,6) 
