1 K4 : (2,5) (2,6) (3,4) (3,7) 
2 K4 : (2,5) (2,6) (3,7) (3,4) 
3 K4 : (2,5) (2,6) (4,7) (3,4) 
4 K4 : (2,5) (3,4) (2,6) (3,7) 
5 K4 : (2,5) (3,4) (3,7) (2,6) 
6 K5 : (2,5) (3,4) (6,7) 
7 K5 : (2,5) (3,6) (3,7) 
8 K5 : (2,5) (3,6) (4,7) 
9 K4 : (2,5) (3,7) (2,6) (3,4) 
10 K4 : (2,5) (3,7) (3,4) (2,6) 
11 K5 : (2,5) (3,7) (3,6) 
12 K4 : (2,5) (4,7) (2,6) (3,4) 
13 K4 : (2,5) (4,7) (3,4) (2,6) 
14 K5 : (2,5) (4,7) (3,6) 
15 K5 : (2,5) (6,7) (3,4) 
16 K5 : (2,5) (6,7) (3,6) 
17 K4 : (2,6) (2,5) (3,4) (3,7) 
18 K4 : (2,6) (2,5) (3,7) (3,4) 
19 K4 : (2,6) (2,5) (4,7) (3,4) 
20 K5 : (2,6) (2,7) (3,4) 
21 K5 : (2,6) (2,7) (4,5) 
22 K4 : (2,6) (3,4) (2,5) (3,7) 
23 K5 : (2,6) (3,4) (2,7) 
24 K4 : (2,6) (3,4) (3,7) (2,5) 
25 K4 : (2,6) (3,7) (2,5) (3,4) 
26 K4 : (2,6) (3,7) (3,4) (2,5) 
27 K5 : (2,6) (3,7) (4,5) 
28 K5 : (2,6) (4,5) (2,7) 
29 K5 : (2,6) (4,5) (3,7) 
30 K4 : (2,6) (4,7) (2,5) (3,4) 
31 K4 : (2,6) (4,7) (3,4) (2,5) 
32 K5 : (2,7) (2,6) (3,4) 
33 K5 : (2,7) (2,6) (4,5) 
34 K5 : (2,7) (3,4) (2,6) 
35 K5 : (2,7) (3,4) (5,6) 
36 K5 : (2,7) (3,6) (4,5) 
37 K5 : (2,7) (4,5) (2,6) 
38 K5 : (2,7) (4,5) (3,6) 
39 K5 : (2,7) (5,6) (3,4) 
40 K4 : (3,4) (2,5) (2,6) (3,7) 
41 K4 : (3,4) (2,5) (3,7) (2,6) 
42 K5 : (3,4) (2,5) (6,7) 
43 K4 : (3,4) (2,6) (2,5) (3,7) 
44 K5 : (3,4) (2,6) (2,7) 
45 K4 : (3,4) (2,6) (3,7) (2,5) 
46 K5 : (3,4) (2,7) (2,6) 
47 K5 : (3,4) (2,7) (5,6) 
48 K4 : (3,4) (3,7) (2,5) (2,6) 
49 K4 : (3,4) (3,7) (2,6) (2,5) 
50 K4 : (3,4) (3,7) (5,6) (2,5) 
51 K4 : (3,4) (5,6) (2,5) (3,7) 
52 K5 : (3,4) (5,6) (2,7) 
53 K4 : (3,4) (5,6) (3,7) (2,5) 
54 K5 : (3,4) (6,7) (2,5) 
55 K5 : (3,4) (6,7) (2,6) 
56 K5 : (3,6) (2,5) (3,7) 
57 K5 : (3,6) (2,5) (4,7) 
58 K5 : (3,6) (2,7) (4,5) 
59 K5 : (3,6) (3,7) (2,5) 
60 K5 : (3,6) (3,7) (4,5) 
61 K5 : (3,6) (4,5) (2,7) 
62 K5 : (3,6) (4,5) (3,7) 
63 K5 : (3,6) (4,7) (2,5) 
64 K4 : (3,7) (2,5) (2,6) (3,4) 
65 K4 : (3,7) (2,5) (3,4) (2,6) 
66 K5 : (3,7) (2,5) (3,6) 
67 K4 : (3,7) (2,6) (2,5) (3,4) 
68 K4 : (3,7) (2,6) (3,4) (2,5) 
69 K5 : (3,7) (2,6) (4,5) 
70 K4 : (3,7) (3,4) (2,5) (2,6) 
71 K4 : (3,7) (3,4) (2,6) (2,5) 
72 K4 : (3,7) (3,4) (5,6) (2,5) 
73 K5 : (3,7) (3,6) (2,5) 
74 K5 : (3,7) (3,6) (4,5) 
75 K5 : (3,7) (4,5) (2,6) 
76 K5 : (3,7) (4,5) (3,6) 
77 K4 : (3,7) (5,6) (2,5) (3,4) 
78 K4 : (3,7) (5,6) (3,4) (2,5) 
79 K5 : (4,5) (2,6) (2,7) 
80 K5 : (4,5) (2,6) (3,7) 
81 K5 : (4,5) (2,7) (2,6) 
82 K5 : (4,5) (2,7) (3,6) 
83 K5 : (4,5) (3,6) (2,7) 
84 K5 : (4,5) (3,6) (3,7) 
85 K5 : (4,5) (3,7) (2,6) 
86 K5 : (4,5) (3,7) (3,6) 
87 K5 : (4,5) (6,7) (2,6) 
88 K5 : (4,5) (6,7) (3,6) 
89 K4 : (4,7) (2,5) (2,6) (3,4) 
90 K4 : (4,7) (2,5) (3,4) (2,6) 
91 K5 : (4,7) (2,5) (3,6) 
92 K4 : (4,7) (2,6) (2,5) (3,4) 
93 K4 : (4,7) (2,6) (3,4) (2,5) 
94 K4 : (4,7) (3,4) (2,5) (2,6) 
95 K4 : (4,7) (3,4) (2,6) (2,5) 
96 K4 : (4,7) (3,4) (5,6) (2,5) 
97 K5 : (4,7) (3,6) (2,5) 
98 K4 : (4,7) (5,6) (2,5) (3,4) 
99 K4 : (4,7) (5,6) (3,4) (2,5) 
100 K4 : (5,6) (2,5) (3,4) (3,7) 
101 K4 : (5,6) (2,5) (3,7) (3,4) 
102 K4 : (5,6) (2,5) (4,7) (3,4) 
103 K5 : (5,6) (2,7) (3,4) 
104 K4 : (5,6) (3,4) (2,5) (3,7) 
105 K5 : (5,6) (3,4) (2,7) 
106 K4 : (5,6) (3,4) (3,7) (2,5) 
107 K4 : (5,6) (3,7) (2,5) (3,4) 
108 K4 : (5,6) (3,7) (3,4) (2,5) 
109 K4 : (5,6) (4,7) (2,5) (3,4) 
110 K4 : (5,6) (4,7) (3,4) (2,5) 
111 K5 : (6,7) (2,5) (3,4) 
112 K5 : (6,7) (2,5) (3,6) 
113 K5 : (6,7) (2,6) (3,4) 
114 K5 : (6,7) (2,6) (4,5) 
115 K5 : (6,7) (3,4) (2,5) 
116 K5 : (6,7) (3,4) (2,6) 
117 K5 : (6,7) (3,6) (2,5) 
118 K5 : (6,7) (3,6) (4,5) 
119 K5 : (6,7) (4,5) (2,6) 
120 K5 : (6,7) (4,5) (3,6) 
121 K4 : (1,7) (2,5) (2,6) (3,4) 
122 K4 : (1,7) (2,5) (3,4) (2,6) 
123 K5 : (1,7) (2,5) (3,6) 
124 K4 : (1,7) (2,6) (2,5) (3,4) 
125 K4 : (1,7) (2,6) (3,4) (2,5) 
126 K5 : (1,7) (2,6) (4,5) 
127 K4 : (1,7) (3,4) (2,5) (2,6) 
128 K4 : (1,7) (3,4) (2,6) (2,5) 
129 K4 : (1,7) (3,4) (5,6) (2,5) 
130 K5 : (1,7) (3,6) (2,5) 
131 K5 : (1,7) (3,6) (4,5) 
132 K5 : (1,7) (4,5) (2,6) 
133 K5 : (1,7) (4,5) (3,6) 
134 K4 : (1,7) (5,6) (2,5) (3,4) 
135 K4 : (1,7) (5,6) (3,4) (2,5) 
136 K4 : (2,5) (1,7) (2,6) (3,4) 
137 K4 : (2,5) (1,7) (3,4) (2,6) 
138 K5 : (2,5) (1,7) (3,6) 
139 K4 : (2,5) (2,6) (1,7) (3,4) 
140 K4 : (2,5) (2,6) (3,4) (1,7) 
141 K5 : (2,5) (2,6) (4,7) 
142 K4 : (2,5) (3,4) (1,7) (2,6) 
143 K4 : (2,5) (3,4) (2,6) (1,7) 
144 K5 : (2,5) (3,4) (6,7) 
145 K5 : (2,5) (3,6) (1,7) 
146 K5 : (2,5) (3,6) (4,7) 
147 K5 : (2,5) (4,7) (2,6) 
148 K5 : (2,5) (4,7) (3,6) 
149 K5 : (2,5) (6,7) (3,4) 
150 K4 : (2,6) (1,7) (2,5) (3,4) 
151 K4 : (2,6) (1,7) (3,4) (2,5) 
152 K5 : (2,6) (1,7) (4,5) 
153 K4 : (2,6) (2,5) (1,7) (3,4) 
154 K4 : (2,6) (2,5) (3,4) (1,7) 
155 K5 : (2,6) (2,5) (4,7) 
156 K4 : (2,6) (3,4) (1,7) (2,5) 
157 K4 : (2,6) (3,4) (2,5) (1,7) 
158 K5 : (2,6) (3,4) (5,7) 
159 K5 : (2,6) (4,5) (1,7) 
160 K5 : (2,6) (4,5) (4,7) 
161 K5 : (2,6) (4,7) (2,5) 
162 K5 : (2,6) (4,7) (4,5) 
163 K5 : (2,6) (5,7) (3,4) 
164 K5 : (2,6) (5,7) (4,5) 
165 K4 : (3,4) (1,7) (2,5) (2,6) 
166 K4 : (3,4) (1,7) (2,6) (2,5) 
167 K4 : (3,4) (1,7) (5,6) (2,5) 
168 K4 : (3,4) (2,5) (1,7) (2,6) 
169 K4 : (3,4) (2,5) (2,6) (1,7) 
170 K5 : (3,4) (2,5) (6,7) 
171 K4 : (3,4) (2,6) (1,7) (2,5) 
172 K4 : (3,4) (2,6) (2,5) (1,7) 
173 K5 : (3,4) (2,6) (5,7) 
174 K4 : (3,4) (5,6) (1,7) (2,5) 
175 K4 : (3,4) (5,6) (2,5) (1,7) 
176 K5 : (3,4) (5,6) (5,7) 
177 K5 : (3,4) (5,7) (2,6) 
178 K5 : (3,4) (5,7) (5,6) 
179 K5 : (3,4) (6,7) (2,5) 
180 K5 : (3,4) (6,7) (5,6) 
181 K5 : (3,6) (1,7) (2,5) 
182 K5 : (3,6) (1,7) (4,5) 
183 K5 : (3,6) (2,5) (1,7) 
184 K5 : (3,6) (2,5) (4,7) 
185 K5 : (3,6) (4,5) (1,7) 
186 K5 : (3,6) (4,5) (4,7) 
187 K5 : (3,6) (4,7) (2,5) 
188 K5 : (3,6) (4,7) (4,5) 
189 K5 : (3,6) (5,7) (4,5) 
190 K5 : (4,5) (1,7) (2,6) 
191 K5 : (4,5) (1,7) (3,6) 
192 K5 : (4,5) (2,6) (1,7) 
193 K5 : (4,5) (2,6) (4,7) 
194 K5 : (4,5) (3,6) (1,7) 
195 K5 : (4,5) (3,6) (4,7) 
196 K5 : (4,5) (4,7) (2,6) 
197 K5 : (4,5) (4,7) (3,6) 
198 K6 : (4,5) (6,7) 
199 K5 : (4,7) (2,5) (2,6) 
200 K5 : (4,7) (2,5) (3,6) 
201 K5 : (4,7) (2,6) (2,5) 
202 K5 : (4,7) (2,6) (4,5) 
203 K5 : (4,7) (3,6) (2,5) 
204 K5 : (4,7) (3,6) (4,5) 
205 K5 : (4,7) (4,5) (2,6) 
206 K5 : (4,7) (4,5) (3,6) 
207 K5 : (4,7) (5,6) (2,5) 
208 K4 : (5,6) (1,7) (2,5) (3,4) 
209 K4 : (5,6) (1,7) (3,4) (2,5) 
210 K4 : (5,6) (2,5) (1,7) (3,4) 
211 K4 : (5,6) (2,5) (3,4) (1,7) 
212 K5 : (5,6) (2,5) (4,7) 
213 K4 : (5,6) (3,4) (1,7) (2,5) 
214 K4 : (5,6) (3,4) (2,5) (1,7) 
215 K5 : (5,6) (3,4) (5,7) 
216 K5 : (5,6) (4,7) (2,5) 
217 K5 : (5,6) (5,7) (3,4) 
218 K5 : (5,7) (2,6) (3,4) 
219 K5 : (5,7) (2,6) (4,5) 
220 K5 : (5,7) (3,4) (2,6) 
221 K5 : (5,7) (3,4) (5,6) 
222 K5 : (5,7) (3,6) (4,5) 
223 K5 : (5,7) (4,5) (2,6) 
224 K5 : (5,7) (4,5) (3,6) 
225 K5 : (5,7) (5,6) (3,4) 
226 K5 : (6,7) (2,5) (3,4) 
227 K5 : (6,7) (3,4) (2,5) 
228 K5 : (6,7) (3,4) (5,6) 
229 K6 : (6,7) (4,5) 
230 K5 : (6,7) (5,6) (3,4) 
231 K4 : (1,7) (2,5) (3,4) (3,6) 
232 K4 : (1,7) (2,5) (3,6) (3,4) 
233 K4 : (1,7) (2,5) (4,6) (3,4) 
234 K5 : (1,7) (2,6) (3,4) 
235 K5 : (1,7) (2,6) (4,5) 
236 K4 : (1,7) (3,4) (2,5) (3,6) 
237 K5 : (1,7) (3,4) (2,6) 
238 K4 : (1,7) (3,4) (3,6) (2,5) 
239 K4 : (1,7) (3,6) (2,5) (3,4) 
240 K4 : (1,7) (3,6) (3,4) (2,5) 
241 K5 : (1,7) (3,6) (4,5) 
242 K5 : (1,7) (4,5) (2,6) 
243 K5 : (1,7) (4,5) (3,6) 
244 K4 : (1,7) (4,6) (2,5) (3,4) 
245 K4 : (1,7) (4,6) (3,4) (2,5) 
246 K4 : (2,5) (1,7) (3,4) (3,6) 
247 K4 : (2,5) (1,7) (3,6) (3,4) 
248 K4 : (2,5) (1,7) (4,6) (3,4) 
249 K4 : (2,5) (3,4) (1,7) (3,6) 
250 K4 : (2,5) (3,4) (3,6) (1,7) 
251 K5 : (2,5) (3,4) (6,7) 
252 K4 : (2,5) (3,6) (1,7) (3,4) 
253 K4 : (2,5) (3,6) (3,4) (1,7) 
254 K5 : (2,5) (3,6) (3,7) 
255 K5 : (2,5) (3,7) (3,6) 
256 K5 : (2,5) (3,7) (4,6) 
257 K4 : (2,5) (4,6) (1,7) (3,4) 
258 K4 : (2,5) (4,6) (3,4) (1,7) 
259 K5 : (2,5) (4,6) (3,7) 
260 K5 : (2,5) (6,7) (3,4) 
261 K5 : (2,5) (6,7) (3,6) 
262 K5 : (2,6) (1,7) (3,4) 
263 K5 : (2,6) (1,7) (4,5) 
264 K5 : (2,6) (3,4) (1,7) 
265 K5 : (2,6) (3,4) (5,7) 
266 K5 : (2,6) (3,7) (4,5) 
267 K5 : (2,6) (4,5) (1,7) 
268 K5 : (2,6) (4,5) (3,7) 
269 K5 : (2,6) (5,7) (3,4) 
270 K4 : (3,4) (1,7) (2,5) (3,6) 
271 K5 : (3,4) (1,7) (2,6) 
272 K4 : (3,4) (1,7) (3,6) (2,5) 
273 K4 : (3,4) (2,5) (1,7) (3,6) 
274 K4 : (3,4) (2,5) (3,6) (1,7) 
275 K5 : (3,4) (2,5) (6,7) 
276 K5 : (3,4) (2,6) (1,7) 
277 K5 : (3,4) (2,6) (5,7) 
278 K4 : (3,4) (3,6) (1,7) (2,5) 
279 K4 : (3,4) (3,6) (2,5) (1,7) 
280 K5 : (3,4) (3,6) (5,7) 
281 K5 : (3,4) (5,7) (2,6) 
282 K5 : (3,4) (5,7) (3,6) 
283 K5 : (3,4) (6,7) (2,5) 
284 K4 : (3,6) (1,7) (2,5) (3,4) 
285 K4 : (3,6) (1,7) (3,4) (2,5) 
286 K5 : (3,6) (1,7) (4,5) 
287 K4 : (3,6) (2,5) (1,7) (3,4) 
288 K4 : (3,6) (2,5) (3,4) (1,7) 
289 K5 : (3,6) (2,5) (3,7) 
290 K4 : (3,6) (3,4) (1,7) (2,5) 
291 K4 : (3,6) (3,4) (2,5) (1,7) 
292 K5 : (3,6) (3,4) (5,7) 
293 K5 : (3,6) (3,7) (2,5) 
294 K5 : (3,6) (3,7) (4,5) 
295 K5 : (3,6) (4,5) (1,7) 
296 K5 : (3,6) (4,5) (3,7) 
297 K5 : (3,6) (5,7) (3,4) 
298 K5 : (3,7) (2,5) (3,6) 
299 K5 : (3,7) (2,5) (4,6) 
300 K5 : (3,7) (2,6) (4,5) 
301 K5 : (3,7) (3,6) (2,5) 
302 K5 : (3,7) (3,6) (4,5) 
303 K5 : (3,7) (4,5) (2,6) 
304 K5 : (3,7) (4,5) (3,6) 
305 K5 : (3,7) (4,6) (2,5) 
306 K5 : (4,5) (1,7) (2,6) 
307 K5 : (4,5) (1,7) (3,6) 
308 K5 : (4,5) (2,6) (1,7) 
309 K5 : (4,5) (2,6) (3,7) 
310 K5 : (4,5) (3,6) (1,7) 
311 K5 : (4,5) (3,6) (3,7) 
312 K5 : (4,5) (3,7) (2,6) 
313 K5 : (4,5) (3,7) (3,6) 
314 K5 : (4,5) (6,7) (3,6) 
315 K4 : (4,6) (1,7) (2,5) (3,4) 
316 K4 : (4,6) (1,7) (3,4) (2,5) 
317 K4 : (4,6) (2,5) (1,7) (3,4) 
318 K4 : (4,6) (2,5) (3,4) (1,7) 
319 K5 : (4,6) (2,5) (3,7) 
320 K4 : (4,6) (3,4) (1,7) (2,5) 
321 K4 : (4,6) (3,4) (2,5) (1,7) 
322 K5 : (4,6) (3,4) (5,7) 
323 K5 : (4,6) (3,7) (2,5) 
324 K5 : (4,6) (5,7) (3,4) 
325 K5 : (5,7) (2,6) (3,4) 
326 K5 : (5,7) (3,4) (2,6) 
327 K5 : (5,7) (3,4) (3,6) 
328 K5 : (5,7) (3,6) (3,4) 
329 K5 : (5,7) (4,6) (3,4) 
330 K5 : (6,7) (2,5) (3,4) 
331 K5 : (6,7) (2,5) (3,6) 
332 K5 : (6,7) (3,4) (2,5) 
333 K5 : (6,7) (3,6) (2,5) 
334 K5 : (6,7) (3,6) (4,5) 
335 K5 : (6,7) (4,5) (3,6) 
336 K4 : (1,6) (1,7) (2,5) (3,4) 
337 K4 : (1,6) (1,7) (3,4) (2,5) 
338 K5 : (1,6) (1,7) (4,5) 
339 K4 : (1,6) (2,5) (1,7) (3,4) 
340 K4 : (1,6) (2,5) (3,4) (1,7) 
341 K5 : (1,6) (2,5) (4,7) 
342 K5 : (1,6) (2,7) (3,4) 
343 K5 : (1,6) (2,7) (4,5) 
344 K4 : (1,6) (3,4) (1,7) (2,5) 
345 K4 : (1,6) (3,4) (2,5) (1,7) 
346 K5 : (1,6) (3,4) (2,7) 
347 K5 : (1,6) (4,5) (1,7) 
348 K5 : (1,6) (4,5) (2,7) 
349 K5 : (1,6) (4,7) (2,5) 
350 K4 : (1,7) (1,6) (2,5) (3,4) 
351 K4 : (1,7) (1,6) (3,4) (2,5) 
352 K5 : (1,7) (1,6) (4,5) 
353 K4 : (1,7) (2,5) (1,6) (3,4) 
354 K4 : (1,7) (2,5) (3,4) (1,6) 
355 K5 : (1,7) (2,5) (3,6) 
356 K4 : (1,7) (3,4) (1,6) (2,5) 
357 K4 : (1,7) (3,4) (2,5) (1,6) 
358 K5 : (1,7) (3,4) (5,6) 
359 K5 : (1,7) (3,6) (2,5) 
360 K5 : (1,7) (3,6) (4,5) 
361 K5 : (1,7) (4,5) (1,6) 
362 K5 : (1,7) (4,5) (3,6) 
363 K5 : (1,7) (5,6) (3,4) 
364 K4 : (2,5) (1,6) (1,7) (3,4) 
365 K4 : (2,5) (1,6) (3,4) (1,7) 
366 K5 : (2,5) (1,6) (4,7) 
367 K4 : (2,5) (1,7) (1,6) (3,4) 
368 K4 : (2,5) (1,7) (3,4) (1,6) 
369 K5 : (2,5) (1,7) (3,6) 
370 K4 : (2,5) (3,4) (1,6) (1,7) 
371 K4 : (2,5) (3,4) (1,7) (1,6) 
372 K4 : (2,5) (3,4) (6,7) (1,6) 
373 K5 : (2,5) (3,6) (1,7) 
374 K5 : (2,5) (3,6) (4,7) 
375 K5 : (2,5) (4,7) (1,6) 
376 K5 : (2,5) (4,7) (3,6) 
377 K4 : (2,5) (6,7) (1,6) (3,4) 
378 K4 : (2,5) (6,7) (3,4) (1,6) 
379 K5 : (2,7) (1,6) (3,4) 
380 K5 : (2,7) (1,6) (4,5) 
381 K5 : (2,7) (3,4) (1,6) 
382 K5 : (2,7) (3,4) (5,6) 
383 K5 : (2,7) (3,6) (4,5) 
384 K5 : (2,7) (4,5) (1,6) 
385 K5 : (2,7) (4,5) (3,6) 
386 K5 : (2,7) (5,6) (3,4) 
387 K4 : (3,4) (1,6) (1,7) (2,5) 
388 K4 : (3,4) (1,6) (2,5) (1,7) 
389 K5 : (3,4) (1,6) (2,7) 
390 K4 : (3,4) (1,7) (1,6) (2,5) 
391 K4 : (3,4) (1,7) (2,5) (1,6) 
392 K5 : (3,4) (1,7) (5,6) 
393 K4 : (3,4) (2,5) (1,6) (1,7) 
394 K4 : (3,4) (2,5) (1,7) (1,6) 
395 K4 : (3,4) (2,5) (6,7) (1,6) 
396 K5 : (3,4) (2,7) (1,6) 
397 K5 : (3,4) (2,7) (5,6) 
398 K5 : (3,4) (5,6) (1,7) 
399 K5 : (3,4) (5,6) (2,7) 
400 K4 : (3,4) (6,7) (1,6) (2,5) 
401 K4 : (3,4) (6,7) (2,5) (1,6) 
402 K5 : (3,6) (1,7) (2,5) 
403 K5 : (3,6) (1,7) (4,5) 
404 K5 : (3,6) (2,5) (1,7) 
405 K5 : (3,6) (2,5) (4,7) 
406 K5 : (3,6) (2,7) (4,5) 
407 K5 : (3,6) (4,5) (1,7) 
408 K5 : (3,6) (4,5) (2,7) 
409 K5 : (3,6) (4,7) (2,5) 
410 K5 : (4,5) (1,6) (1,7) 
411 K5 : (4,5) (1,6) (2,7) 
412 K5 : (4,5) (1,7) (1,6) 
413 K5 : (4,5) (1,7) (3,6) 
414 K5 : (4,5) (2,7) (1,6) 
415 K5 : (4,5) (2,7) (3,6) 
416 K5 : (4,5) (3,6) (1,7) 
417 K5 : (4,5) (3,6) (2,7) 
418 K5 : (4,5) (6,7) (1,6) 
419 K5 : (4,7) (1,6) (2,5) 
420 K5 : (4,7) (2,5) (1,6) 
421 K5 : (4,7) (2,5) (3,6) 
422 K5 : (4,7) (3,6) (2,5) 
423 K6 : (4,7) (5,6) 
424 K5 : (5,6) (1,7) (3,4) 
425 K5 : (5,6) (2,7) (3,4) 
426 K5 : (5,6) (3,4) (1,7) 
427 K5 : (5,6) (3,4) (2,7) 
428 K6 : (5,6) (4,7) 
429 K4 : (6,7) (1,6) (2,5) (3,4) 
430 K4 : (6,7) (1,6) (3,4) (2,5) 
431 K5 : (6,7) (1,6) (4,5) 
432 K4 : (6,7) (2,5) (1,6) (3,4) 
433 K4 : (6,7) (2,5) (3,4) (1,6) 
434 K4 : (6,7) (3,4) (1,6) (2,5) 
435 K4 : (6,7) (3,4) (2,5) (1,6) 
436 K5 : (6,7) (4,5) (1,6) 
437 K4 : (0,7) (1,6) (2,5) (3,4) 
438 K4 : (0,7) (1,6) (3,4) (2,5) 
439 K5 : (0,7) (1,6) (4,5) 
440 K4 : (0,7) (2,5) (1,6) (3,4) 
441 K4 : (0,7) (2,5) (3,4) (1,6) 
442 K5 : (0,7) (2,5) (4,6) 
443 K4 : (0,7) (3,4) (1,6) (2,5) 
444 K4 : (0,7) (3,4) (2,5) (1,6) 
445 K5 : (0,7) (3,4) (5,6) 
446 K5 : (0,7) (4,5) (1,6) 
447 K5 : (0,7) (4,5) (4,6) 
448 K5 : (0,7) (4,6) (2,5) 
449 K5 : (0,7) (4,6) (4,5) 
450 K5 : (0,7) (5,6) (3,4) 
451 K5 : (0,7) (5,6) (4,5) 
452 K4 : (1,6) (0,7) (2,5) (3,4) 
453 K4 : (1,6) (0,7) (3,4) (2,5) 
454 K5 : (1,6) (0,7) (4,5) 
455 K4 : (1,6) (2,5) (0,7) (3,4) 
456 K4 : (1,6) (2,5) (3,4) (0,7) 
457 K5 : (1,6) (2,5) (4,7) 
458 K4 : (1,6) (3,4) (0,7) (2,5) 
459 K4 : (1,6) (3,4) (2,5) (0,7) 
460 K5 : (1,6) (3,4) (5,7) 
461 K5 : (1,6) (4,5) (0,7) 
462 K5 : (1,6) (4,5) (4,7) 
463 K5 : (1,6) (4,7) (2,5) 
464 K5 : (1,6) (4,7) (4,5) 
465 K5 : (1,6) (5,7) (3,4) 
466 K5 : (1,6) (5,7) (4,5) 
467 K4 : (2,5) (0,7) (1,6) (3,4) 
468 K4 : (2,5) (0,7) (3,4) (1,6) 
469 K5 : (2,5) (0,7) (4,6) 
470 K4 : (2,5) (1,6) (0,7) (3,4) 
471 K4 : (2,5) (1,6) (3,4) (0,7) 
472 K5 : (2,5) (1,6) (4,7) 
473 K4 : (2,5) (3,4) (0,7) (1,6) 
474 K4 : (2,5) (3,4) (1,6) (0,7) 
475 K5 : (2,5) (3,4) (6,7) 
476 K5 : (2,5) (4,6) (0,7) 
477 K5 : (2,5) (4,6) (4,7) 
478 K5 : (2,5) (4,7) (1,6) 
479 K5 : (2,5) (4,7) (4,6) 
480 K5 : (2,5) (6,7) (3,4) 
481 K5 : (2,5) (6,7) (4,6) 
482 K4 : (3,4) (0,7) (1,6) (2,5) 
483 K4 : (3,4) (0,7) (2,5) (1,6) 
484 K5 : (3,4) (0,7) (5,6) 
485 K4 : (3,4) (1,6) (0,7) (2,5) 
486 K4 : (3,4) (1,6) (2,5) (0,7) 
487 K5 : (3,4) (1,6) (5,7) 
488 K4 : (3,4) (2,5) (0,7) (1,6) 
489 K4 : (3,4) (2,5) (1,6) (0,7) 
490 K5 : (3,4) (2,5) (6,7) 
491 K5 : (3,4) (5,6) (0,7) 
492 K5 : (3,4) (5,6) (5,7) 
493 K5 : (3,4) (5,7) (1,6) 
494 K5 : (3,4) (5,7) (5,6) 
495 K5 : (3,4) (6,7) (2,5) 
496 K5 : (3,4) (6,7) (5,6) 
497 K5 : (4,5) (0,7) (1,6) 
498 K5 : (4,5) (0,7) (4,6) 
499 K5 : (4,5) (1,6) (0,7) 
500 K5 : (4,5) (1,6) (4,7) 
501 K5 : (4,5) (4,6) (0,7) 
502 K5 : (4,5) (4,6) (4,7) 
503 K5 : (4,5) (4,7) (1,6) 
504 K5 : (4,5) (4,7) (4,6) 
505 K5 : (4,5) (6,7) (4,6) 
506 K5 : (4,6) (0,7) (2,5) 
507 K5 : (4,6) (0,7) (4,5) 
508 K5 : (4,6) (2,5) (0,7) 
509 K5 : (4,6) (2,5) (4,7) 
510 K5 : (4,6) (4,5) (0,7) 
511 K5 : (4,6) (4,5) (4,7) 
512 K5 : (4,6) (4,7) (2,5) 
513 K5 : (4,6) (4,7) (4,5) 
514 K5 : (4,6) (5,7) (4,5) 
515 K5 : (4,7) (1,6) (2,5) 
516 K5 : (4,7) (1,6) (4,5) 
517 K5 : (4,7) (2,5) (1,6) 
518 K5 : (4,7) (2,5) (4,6) 
519 K5 : (4,7) (4,5) (1,6) 
520 K5 : (4,7) (4,5) (4,6) 
521 K5 : (4,7) (4,6) (2,5) 
522 K5 : (4,7) (4,6) (4,5) 
523 K5 : (4,7) (5,6) (4,5) 
524 K5 : (5,6) (0,7) (3,4) 
525 K5 : (5,6) (0,7) (4,5) 
526 K5 : (5,6) (3,4) (0,7) 
527 K5 : (5,6) (3,4) (5,7) 
528 K5 : (5,6) (4,5) (0,7) 
529 K5 : (5,6) (4,5) (4,7) 
530 K5 : (5,6) (4,7) (4,5) 
531 K5 : (5,6) (5,7) (3,4) 
532 K5 : (5,6) (5,7) (4,5) 
533 K5 : (5,7) (1,6) (3,4) 
534 K5 : (5,7) (1,6) (4,5) 
535 K5 : (5,7) (3,4) (1,6) 
536 K5 : (5,7) (3,4) (5,6) 
537 K5 : (5,7) (4,5) (1,6) 
538 K5 : (5,7) (4,5) (4,6) 
539 K5 : (5,7) (4,6) (4,5) 
540 K5 : (5,7) (5,6) (3,4) 
541 K5 : (5,7) (5,6) (4,5) 
542 K5 : (6,7) (2,5) (3,4) 
543 K5 : (6,7) (2,5) (4,6) 
544 K5 : (6,7) (3,4) (2,5) 
545 K5 : (6,7) (3,4) (5,6) 
546 K5 : (6,7) (4,5) (4,6) 
547 K5 : (6,7) (4,6) (2,5) 
548 K5 : (6,7) (4,6) (4,5) 
549 K5 : (6,7) (5,6) (3,4) 
550 K5 : (6,7) (5,6) (4,5) 
551 K4 : (0,7) (1,6) (2,5) (3,4) 
552 K4 : (0,7) (1,6) (3,4) (2,5) 
553 K5 : (0,7) (1,6) (4,5) 
554 K4 : (0,7) (2,5) (1,6) (3,4) 
555 K4 : (0,7) (2,5) (3,4) (1,6) 
556 K5 : (0,7) (2,5) (4,6) 
557 K4 : (0,7) (3,4) (1,6) (2,5) 
558 K4 : (0,7) (3,4) (2,5) (1,6) 
559 K5 : (0,7) (3,4) (5,6) 
560 K5 : (0,7) (4,5) (1,6) 
561 K5 : (0,7) (4,5) (4,6) 
562 K5 : (0,7) (4,6) (2,5) 
563 K5 : (0,7) (4,6) (4,5) 
564 K5 : (0,7) (5,6) (3,4) 
565 K5 : (0,7) (5,6) (4,5) 
566 K4 : (1,6) (0,7) (2,5) (3,4) 
567 K4 : (1,6) (0,7) (3,4) (2,5) 
568 K5 : (1,6) (0,7) (4,5) 
569 K4 : (1,6) (2,5) (0,7) (3,4) 
570 K4 : (1,6) (2,5) (3,4) (0,7) 
571 K5 : (1,6) (2,5) (3,7) 
572 K4 : (1,6) (3,4) (0,7) (2,5) 
573 K4 : (1,6) (3,4) (2,5) (0,7) 
574 K5 : (1,6) (3,4) (5,7) 
575 K5 : (1,6) (3,7) (2,5) 
576 K5 : (1,6) (3,7) (4,5) 
577 K5 : (1,6) (4,5) (0,7) 
578 K5 : (1,6) (4,5) (3,7) 
579 K5 : (1,6) (5,7) (3,4) 
580 K4 : (2,5) (0,7) (1,6) (3,4) 
581 K4 : (2,5) (0,7) (3,4) (1,6) 
582 K5 : (2,5) (0,7) (4,6) 
583 K4 : (2,5) (1,6) (0,7) (3,4) 
584 K4 : (2,5) (1,6) (3,4) (0,7) 
585 K5 : (2,5) (1,6) (3,7) 
586 K4 : (2,5) (3,4) (0,7) (1,6) 
587 K4 : (2,5) (3,4) (1,6) (0,7) 
588 K5 : (2,5) (3,4) (6,7) 
589 K5 : (2,5) (3,7) (1,6) 
590 K5 : (2,5) (3,7) (4,6) 
591 K5 : (2,5) (4,6) (0,7) 
592 K5 : (2,5) (4,6) (3,7) 
593 K5 : (2,5) (6,7) (3,4) 
594 K4 : (3,4) (0,7) (1,6) (2,5) 
595 K4 : (3,4) (0,7) (2,5) (1,6) 
596 K5 : (3,4) (0,7) (5,6) 
597 K4 : (3,4) (1,6) (0,7) (2,5) 
598 K4 : (3,4) (1,6) (2,5) (0,7) 
599 K5 : (3,4) (1,6) (5,7) 
600 K4 : (3,4) (2,5) (0,7) (1,6) 
601 K4 : (3,4) (2,5) (1,6) (0,7) 
602 K5 : (3,4) (2,5) (6,7) 
603 K5 : (3,4) (5,6) (0,7) 
604 K5 : (3,4) (5,6) (5,7) 
605 K5 : (3,4) (5,7) (1,6) 
606 K5 : (3,4) (5,7) (5,6) 
607 K5 : (3,4) (6,7) (2,5) 
608 K5 : (3,4) (6,7) (5,6) 
609 K5 : (3,7) (1,6) (2,5) 
610 K5 : (3,7) (1,6) (4,5) 
611 K5 : (3,7) (2,5) (1,6) 
612 K5 : (3,7) (2,5) (4,6) 
613 K5 : (3,7) (4,5) (1,6) 
614 K5 : (3,7) (4,5) (4,6) 
615 K5 : (3,7) (4,6) (2,5) 
616 K5 : (3,7) (4,6) (4,5) 
617 K5 : (3,7) (5,6) (4,5) 
618 K5 : (4,5) (0,7) (1,6) 
619 K5 : (4,5) (0,7) (4,6) 
620 K5 : (4,5) (1,6) (0,7) 
621 K5 : (4,5) (1,6) (3,7) 
622 K5 : (4,5) (3,7) (1,6) 
623 K5 : (4,5) (3,7) (4,6) 
624 K5 : (4,5) (4,6) (0,7) 
625 K5 : (4,5) (4,6) (3,7) 
626 K6 : (4,5) (6,7) 
627 K5 : (4,6) (0,7) (2,5) 
628 K5 : (4,6) (0,7) (4,5) 
629 K5 : (4,6) (2,5) (0,7) 
630 K5 : (4,6) (2,5) (3,7) 
631 K5 : (4,6) (3,7) (2,5) 
632 K5 : (4,6) (3,7) (4,5) 
633 K5 : (4,6) (4,5) (0,7) 
634 K5 : (4,6) (4,5) (3,7) 
635 K6 : (4,6) (5,7) 
636 K5 : (5,6) (0,7) (3,4) 
637 K5 : (5,6) (0,7) (4,5) 
638 K5 : (5,6) (3,4) (0,7) 
639 K5 : (5,6) (3,4) (5,7) 
640 K5 : (5,6) (3,7) (4,5) 
641 K5 : (5,6) (4,5) (0,7) 
642 K5 : (5,6) (4,5) (3,7) 
643 K5 : (5,6) (5,7) (3,4) 
644 K5 : (5,7) (1,6) (3,4) 
645 K5 : (5,7) (3,4) (1,6) 
646 K5 : (5,7) (3,4) (5,6) 
647 K6 : (5,7) (4,6) 
648 K5 : (5,7) (5,6) (3,4) 
649 K5 : (6,7) (2,5) (3,4) 
650 K5 : (6,7) (3,4) (2,5) 
651 K5 : (6,7) (3,4) (5,6) 
652 K6 : (6,7) (4,5) 
653 K5 : (6,7) (5,6) (3,4) 
654 K4 : (0,7) (1,6) (2,5) (3,4) 
655 K4 : (0,7) (1,6) (3,4) (2,5) 
656 K5 : (0,7) (1,6) (4,5) 
657 K4 : (0,7) (2,5) (1,6) (3,4) 
658 K4 : (0,7) (2,5) (3,4) (1,6) 
659 K5 : (0,7) (2,5) (3,6) 
660 K4 : (0,7) (3,4) (1,6) (2,5) 
661 K4 : (0,7) (3,4) (2,5) (1,6) 
662 K5 : (0,7) (3,4) (5,6) 
663 K5 : (0,7) (3,6) (2,5) 
664 K5 : (0,7) (3,6) (4,5) 
665 K5 : (0,7) (4,5) (1,6) 
666 K5 : (0,7) (4,5) (3,6) 
667 K5 : (0,7) (5,6) (3,4) 
668 K4 : (1,6) (0,7) (2,5) (3,4) 
669 K4 : (1,6) (0,7) (3,4) (2,5) 
670 K5 : (1,6) (0,7) (4,5) 
671 K4 : (1,6) (2,5) (0,7) (3,4) 
672 K4 : (1,6) (2,5) (3,4) (0,7) 
673 K5 : (1,6) (2,5) (4,7) 
674 K5 : (1,6) (2,7) (3,4) 
675 K5 : (1,6) (2,7) (4,5) 
676 K4 : (1,6) (3,4) (0,7) (2,5) 
677 K4 : (1,6) (3,4) (2,5) (0,7) 
678 K5 : (1,6) (3,4) (2,7) 
679 K5 : (1,6) (4,5) (0,7) 
680 K5 : (1,6) (4,5) (2,7) 
681 K5 : (1,6) (4,7) (2,5) 
682 K4 : (2,5) (0,7) (1,6) (3,4) 
683 K4 : (2,5) (0,7) (3,4) (1,6) 
684 K5 : (2,5) (0,7) (3,6) 
685 K4 : (2,5) (1,6) (0,7) (3,4) 
686 K4 : (2,5) (1,6) (3,4) (0,7) 
687 K5 : (2,5) (1,6) (4,7) 
688 K4 : (2,5) (3,4) (0,7) (1,6) 
689 K4 : (2,5) (3,4) (1,6) (0,7) 
690 K5 : (2,5) (3,4) (6,7) 
691 K5 : (2,5) (3,6) (0,7) 
692 K5 : (2,5) (3,6) (4,7) 
693 K5 : (2,5) (4,7) (1,6) 
694 K5 : (2,5) (4,7) (3,6) 
695 K5 : (2,5) (6,7) (3,4) 
696 K5 : (2,7) (1,6) (3,4) 
697 K5 : (2,7) (1,6) (4,5) 
698 K5 : (2,7) (3,4) (1,6) 
699 K5 : (2,7) (3,4) (5,6) 
700 K5 : (2,7) (3,6) (4,5) 
701 K5 : (2,7) (4,5) (1,6) 
702 K5 : (2,7) (4,5) (3,6) 
703 K5 : (2,7) (5,6) (3,4) 
704 K4 : (3,4) (0,7) (1,6) (2,5) 
705 K4 : (3,4) (0,7) (2,5) (1,6) 
706 K5 : (3,4) (0,7) (5,6) 
707 K4 : (3,4) (1,6) (0,7) (2,5) 
708 K4 : (3,4) (1,6) (2,5) (0,7) 
709 K5 : (3,4) (1,6) (2,7) 
710 K4 : (3,4) (2,5) (0,7) (1,6) 
711 K4 : (3,4) (2,5) (1,6) (0,7) 
712 K5 : (3,4) (2,5) (6,7) 
713 K5 : (3,4) (2,7) (1,6) 
714 K5 : (3,4) (2,7) (5,6) 
715 K5 : (3,4) (5,6) (0,7) 
716 K5 : (3,4) (5,6) (2,7) 
717 K5 : (3,4) (6,7) (2,5) 
718 K5 : (3,6) (0,7) (2,5) 
719 K5 : (3,6) (0,7) (4,5) 
720 K5 : (3,6) (2,5) (0,7) 
721 K5 : (3,6) (2,5) (4,7) 
722 K5 : (3,6) (2,7) (4,5) 
723 K5 : (3,6) (4,5) (0,7) 
724 K5 : (3,6) (4,5) (2,7) 
725 K5 : (3,6) (4,7) (2,5) 
726 K5 : (4,5) (0,7) (1,6) 
727 K5 : (4,5) (0,7) (3,6) 
728 K5 : (4,5) (1,6) (0,7) 
729 K5 : (4,5) (1,6) (2,7) 
730 K5 : (4,5) (2,7) (1,6) 
731 K5 : (4,5) (2,7) (3,6) 
732 K5 : (4,5) (3,6) (0,7) 
733 K5 : (4,5) (3,6) (2,7) 
734 K6 : (4,5) (6,7) 
735 K5 : (4,7) (1,6) (2,5) 
736 K5 : (4,7) (2,5) (1,6) 
737 K5 : (4,7) (2,5) (3,6) 
738 K5 : (4,7) (3,6) (2,5) 
739 K6 : (4,7) (5,6) 
740 K5 : (5,6) (0,7) (3,4) 
741 K5 : (5,6) (2,7) (3,4) 
742 K5 : (5,6) (3,4) (0,7) 
743 K5 : (5,6) (3,4) (2,7) 
744 K6 : (5,6) (4,7) 
745 K5 : (6,7) (2,5) (3,4) 
746 K5 : (6,7) (3,4) (2,5) 
747 K6 : (6,7) (4,5) 
748 K4 : (0,7) (1,6) (2,5) (3,4) 
749 K4 : (0,7) (1,6) (3,4) (2,5) 
750 K4 : (0,7) (1,6) (3,4) (3,5) 
751 K4 : (0,7) (1,6) (3,5) (3,4) 
752 K4 : (0,7) (1,6) (4,5) (3,4) 
753 K4 : (0,7) (2,5) (1,6) (3,4) 
754 K4 : (0,7) (2,5) (3,4) (1,6) 
755 K5 : (0,7) (2,5) (4,6) 
756 K4 : (0,7) (2,6) (3,4) (3,5) 
757 K4 : (0,7) (2,6) (3,5) (3,4) 
758 K4 : (0,7) (2,6) (4,5) (3,4) 
759 K4 : (0,7) (3,4) (1,6) (2,5) 
760 K4 : (0,7) (3,4) (1,6) (3,5) 
761 K4 : (0,7) (3,4) (2,5) (1,6) 
762 K4 : (0,7) (3,4) (2,6) (3,5) 
763 K4 : (0,7) (3,4) (3,5) (1,6) 
764 K4 : (0,7) (3,4) (3,5) (2,6) 
765 K4 : (0,7) (3,5) (1,6) (3,4) 
766 K4 : (0,7) (3,5) (2,6) (3,4) 
767 K4 : (0,7) (3,5) (3,4) (1,6) 
768 K4 : (0,7) (3,5) (3,4) (2,6) 
769 K5 : (0,7) (3,5) (4,6) 
770 K4 : (0,7) (4,5) (1,6) (3,4) 
771 K4 : (0,7) (4,5) (2,6) (3,4) 
772 K4 : (0,7) (4,5) (3,4) (1,6) 
773 K4 : (0,7) (4,5) (3,4) (2,6) 
774 K5 : (0,7) (4,6) (2,5) 
775 K5 : (0,7) (4,6) (3,5) 
776 K4 : (1,6) (0,7) (2,5) (3,4) 
777 K4 : (1,6) (0,7) (3,4) (2,5) 
778 K4 : (1,6) (0,7) (3,4) (3,5) 
779 K4 : (1,6) (0,7) (3,5) (3,4) 
780 K4 : (1,6) (0,7) (4,5) (3,4) 
781 K4 : (1,6) (2,5) (0,7) (3,4) 
782 K4 : (1,6) (2,5) (3,4) (0,7) 
783 K5 : (1,6) (2,5) (4,7) 
784 K4 : (1,6) (2,7) (3,4) (3,5) 
785 K4 : (1,6) (2,7) (3,5) (3,4) 
786 K4 : (1,6) (2,7) (4,5) (3,4) 
787 K4 : (1,6) (3,4) (0,7) (2,5) 
788 K4 : (1,6) (3,4) (0,7) (3,5) 
789 K4 : (1,6) (3,4) (2,5) (0,7) 
790 K4 : (1,6) (3,4) (2,7) (3,5) 
791 K4 : (1,6) (3,4) (3,5) (0,7) 
792 K4 : (1,6) (3,4) (3,5) (2,7) 
793 K4 : (1,6) (3,5) (0,7) (3,4) 
794 K4 : (1,6) (3,5) (2,7) (3,4) 
795 K4 : (1,6) (3,5) (3,4) (0,7) 
796 K4 : (1,6) (3,5) (3,4) (2,7) 
797 K5 : (1,6) (3,5) (4,7) 
798 K4 : (1,6) (4,5) (0,7) (3,4) 
799 K4 : (1,6) (4,5) (2,7) (3,4) 
800 K4 : (1,6) (4,5) (3,4) (0,7) 
801 K4 : (1,6) (4,5) (3,4) (2,7) 
802 K5 : (1,6) (4,7) (2,5) 
803 K5 : (1,6) (4,7) (3,5) 
804 K4 : (2,5) (0,7) (1,6) (3,4) 
805 K4 : (2,5) (0,7) (3,4) (1,6) 
806 K5 : (2,5) (0,7) (4,6) 
807 K4 : (2,5) (1,6) (0,7) (3,4) 
808 K4 : (2,5) (1,6) (3,4) (0,7) 
809 K5 : (2,5) (1,6) (4,7) 
810 K4 : (2,5) (3,4) (0,7) (1,6) 
811 K4 : (2,5) (3,4) (1,6) (0,7) 
812 K5 : (2,5) (4,6) (0,7) 
813 K5 : (2,5) (4,7) (1,6) 
814 K4 : (2,6) (0,7) (3,4) (3,5) 
815 K4 : (2,6) (0,7) (3,5) (3,4) 
816 K4 : (2,6) (0,7) (4,5) (3,4) 
817 K4 : (2,6) (3,4) (0,7) (3,5) 
818 K4 : (2,6) (3,4) (3,5) (0,7) 
819 K4 : (2,6) (3,5) (0,7) (3,4) 
820 K4 : (2,6) (3,5) (3,4) (0,7) 
821 K5 : (2,6) (3,5) (4,7) 
822 K4 : (2,6) (4,5) (0,7) (3,4) 
823 K4 : (2,6) (4,5) (3,4) (0,7) 
824 K5 : (2,6) (4,7) (3,5) 
825 K4 : (2,7) (1,6) (3,4) (3,5) 
826 K4 : (2,7) (1,6) (3,5) (3,4) 
827 K4 : (2,7) (1,6) (4,5) (3,4) 
828 K4 : (2,7) (3,4) (1,6) (3,5) 
829 K4 : (2,7) (3,4) (3,5) (1,6) 
830 K4 : (2,7) (3,5) (1,6) (3,4) 
831 K4 : (2,7) (3,5) (3,4) (1,6) 
832 K5 : (2,7) (3,5) (4,6) 
833 K4 : (2,7) (4,5) (1,6) (3,4) 
834 K4 : (2,7) (4,5) (3,4) (1,6) 
835 K5 : (2,7) (4,6) (3,5) 
836 K4 : (3,4) (0,7) (1,6) (2,5) 
837 K4 : (3,4) (0,7) (1,6) (3,5) 
838 K4 : (3,4) (0,7) (2,5) (1,6) 
839 K4 : (3,4) (0,7) (2,6) (3,5) 
840 K4 : (3,4) (0,7) (3,5) (1,6) 
841 K4 : (3,4) (0,7) (3,5) (2,6) 
842 K4 : (3,4) (1,6) (0,7) (2,5) 
843 K4 : (3,4) (1,6) (0,7) (3,5) 
844 K4 : (3,4) (1,6) (2,5) (0,7) 
845 K4 : (3,4) (1,6) (2,7) (3,5) 
846 K4 : (3,4) (1,6) (3,5) (0,7) 
847 K4 : (3,4) (1,6) (3,5) (2,7) 
848 K4 : (3,4) (2,5) (0,7) (1,6) 
849 K4 : (3,4) (2,5) (1,6) (0,7) 
850 K4 : (3,4) (2,6) (0,7) (3,5) 
851 K4 : (3,4) (2,6) (3,5) (0,7) 
852 K4 : (3,4) (2,7) (1,6) (3,5) 
853 K4 : (3,4) (2,7) (3,5) (1,6) 
854 K4 : (3,4) (3,5) (0,7) (1,6) 
855 K4 : (3,4) (3,5) (0,7) (2,6) 
856 K4 : (3,4) (3,5) (1,6) (0,7) 
857 K4 : (3,4) (3,5) (1,6) (2,7) 
858 K4 : (3,4) (3,5) (2,6) (0,7) 
859 K4 : (3,4) (3,5) (2,7) (1,6) 
860 K4 : (3,5) (0,7) (1,6) (3,4) 
861 K4 : (3,5) (0,7) (2,6) (3,4) 
862 K4 : (3,5) (0,7) (3,4) (1,6) 
863 K4 : (3,5) (0,7) (3,4) (2,6) 
864 K5 : (3,5) (0,7) (4,6) 
865 K4 : (3,5) (1,6) (0,7) (3,4) 
866 K4 : (3,5) (1,6) (2,7) (3,4) 
867 K4 : (3,5) (1,6) (3,4) (0,7) 
868 K4 : (3,5) (1,6) (3,4) (2,7) 
869 K5 : (3,5) (1,6) (4,7) 
870 K4 : (3,5) (2,6) (0,7) (3,4) 
871 K4 : (3,5) (2,6) (3,4) (0,7) 
872 K5 : (3,5) (2,6) (4,7) 
873 K4 : (3,5) (2,7) (1,6) (3,4) 
874 K4 : (3,5) (2,7) (3,4) (1,6) 
875 K5 : (3,5) (2,7) (4,6) 
876 K4 : (3,5) (3,4) (0,7) (1,6) 
877 K4 : (3,5) (3,4) (0,7) (2,6) 
878 K4 : (3,5) (3,4) (1,6) (0,7) 
879 K4 : (3,5) (3,4) (1,6) (2,7) 
880 K4 : (3,5) (3,4) (2,6) (0,7) 
881 K4 : (3,5) (3,4) (2,7) (1,6) 
882 K5 : (3,5) (4,6) (0,7) 
883 K5 : (3,5) (4,6) (2,7) 
884 K5 : (3,5) (4,7) (1,6) 
885 K5 : (3,5) (4,7) (2,6) 
886 K4 : (4,5) (0,7) (1,6) (3,4) 
887 K4 : (4,5) (0,7) (2,6) (3,4) 
888 K4 : (4,5) (0,7) (3,4) (1,6) 
889 K4 : (4,5) (0,7) (3,4) (2,6) 
890 K4 : (4,5) (1,6) (0,7) (3,4) 
891 K4 : (4,5) (1,6) (2,7) (3,4) 
892 K4 : (4,5) (1,6) (3,4) (0,7) 
893 K4 : (4,5) (1,6) (3,4) (2,7) 
894 K4 : (4,5) (2,6) (0,7) (3,4) 
895 K4 : (4,5) (2,6) (3,4) (0,7) 
896 K4 : (4,5) (2,7) (1,6) (3,4) 
897 K4 : (4,5) (2,7) (3,4) (1,6) 
898 K4 : (4,5) (3,4) (0,7) (1,6) 
899 K4 : (4,5) (3,4) (0,7) (2,6) 
900 K4 : (4,5) (3,4) (1,6) (0,7) 
901 K4 : (4,5) (3,4) (1,6) (2,7) 
902 K4 : (4,5) (3,4) (2,6) (0,7) 
903 K4 : (4,5) (3,4) (2,7) (1,6) 
904 K5 : (4,6) (0,7) (2,5) 
905 K5 : (4,6) (0,7) (3,5) 
906 K5 : (4,6) (2,5) (0,7) 
907 K5 : (4,6) (2,7) (3,5) 
908 K5 : (4,6) (3,5) (0,7) 
909 K5 : (4,6) (3,5) (2,7) 
910 K5 : (4,7) (1,6) (2,5) 
911 K5 : (4,7) (1,6) (3,5) 
912 K5 : (4,7) (2,5) (1,6) 
913 K5 : (4,7) (2,6) (3,5) 
914 K5 : (4,7) (3,5) (1,6) 
915 K5 : (4,7) (3,5) (2,6) 
916 K4 : (0,7) (1,6) (2,4) (3,5) 
917 K4 : (0,7) (1,6) (2,5) (3,4) 
918 K4 : (0,7) (1,6) (3,4) (2,5) 
919 K4 : (0,7) (1,6) (3,5) (2,4) 
920 K4 : (0,7) (2,4) (1,6) (3,5) 
921 K4 : (0,7) (2,4) (3,5) (1,6) 
922 K4 : (0,7) (2,4) (3,5) (3,6) 
923 K4 : (0,7) (2,4) (3,6) (3,5) 
924 K4 : (0,7) (2,4) (5,6) (3,5) 
925 K4 : (0,7) (2,5) (1,6) (3,4) 
926 K4 : (0,7) (2,5) (3,4) (1,6) 
927 K5 : (0,7) (2,5) (3,6) 
928 K4 : (0,7) (3,4) (1,6) (2,5) 
929 K4 : (0,7) (3,4) (2,5) (1,6) 
930 K5 : (0,7) (3,4) (5,6) 
931 K4 : (0,7) (3,5) (1,6) (2,4) 
932 K4 : (0,7) (3,5) (2,4) (1,6) 
933 K4 : (0,7) (3,5) (2,4) (3,6) 
934 K4 : (0,7) (3,5) (3,6) (2,4) 
935 K4 : (0,7) (3,6) (2,4) (3,5) 
936 K5 : (0,7) (3,6) (2,5) 
937 K4 : (0,7) (3,6) (3,5) (2,4) 
938 K4 : (0,7) (5,6) (2,4) (3,5) 
939 K5 : (0,7) (5,6) (3,4) 
940 K4 : (0,7) (5,6) (3,5) (2,4) 
941 K4 : (1,6) (0,7) (2,4) (3,5) 
942 K4 : (1,6) (0,7) (2,5) (3,4) 
943 K4 : (1,6) (0,7) (3,4) (2,5) 
944 K4 : (1,6) (0,7) (3,5) (2,4) 
945 K4 : (1,6) (2,4) (0,7) (3,5) 
946 K4 : (1,6) (2,4) (3,5) (0,7) 
947 K4 : (1,6) (2,4) (3,5) (3,7) 
948 K4 : (1,6) (2,4) (3,7) (3,5) 
949 K4 : (1,6) (2,4) (5,7) (3,5) 
950 K4 : (1,6) (2,5) (0,7) (3,4) 
951 K4 : (1,6) (2,5) (3,4) (0,7) 
952 K5 : (1,6) (2,5) (3,7) 
953 K4 : (1,6) (3,4) (0,7) (2,5) 
954 K4 : (1,6) (3,4) (2,5) (0,7) 
955 K5 : (1,6) (3,4) (5,7) 
956 K4 : (1,6) (3,5) (0,7) (2,4) 
957 K4 : (1,6) (3,5) (2,4) (0,7) 
958 K4 : (1,6) (3,5) (2,4) (3,7) 
959 K4 : (1,6) (3,5) (3,7) (2,4) 
960 K4 : (1,6) (3,7) (2,4) (3,5) 
961 K5 : (1,6) (3,7) (2,5) 
962 K4 : (1,6) (3,7) (3,5) (2,4) 
963 K4 : (1,6) (5,7) (2,4) (3,5) 
964 K5 : (1,6) (5,7) (3,4) 
965 K4 : (1,6) (5,7) (3,5) (2,4) 
966 K4 : (2,4) (0,7) (1,6) (3,5) 
967 K4 : (2,4) (0,7) (3,5) (1,6) 
968 K4 : (2,4) (0,7) (3,5) (3,6) 
969 K4 : (2,4) (0,7) (3,6) (3,5) 
970 K4 : (2,4) (0,7) (5,6) (3,5) 
971 K4 : (2,4) (1,6) (0,7) (3,5) 
972 K4 : (2,4) (1,6) (3,5) (0,7) 
973 K4 : (2,4) (1,6) (3,5) (3,7) 
974 K4 : (2,4) (1,6) (3,7) (3,5) 
975 K4 : (2,4) (1,6) (5,7) (3,5) 
976 K4 : (2,4) (3,5) (0,7) (1,6) 
977 K4 : (2,4) (3,5) (0,7) (3,6) 
978 K4 : (2,4) (3,5) (1,6) (0,7) 
979 K4 : (2,4) (3,5) (1,6) (3,7) 
980 K4 : (2,4) (3,5) (3,6) (0,7) 
981 K4 : (2,4) (3,5) (3,7) (1,6) 
982 K4 : (2,4) (3,6) (0,7) (3,5) 
983 K4 : (2,4) (3,6) (3,5) (0,7) 
984 K5 : (2,4) (3,6) (5,7) 
985 K4 : (2,4) (3,7) (1,6) (3,5) 
986 K4 : (2,4) (3,7) (3,5) (1,6) 
987 K5 : (2,4) (3,7) (5,6) 
988 K4 : (2,4) (5,6) (0,7) (3,5) 
989 K4 : (2,4) (5,6) (3,5) (0,7) 
990 K5 : (2,4) (5,6) (3,7) 
991 K4 : (2,4) (5,7) (1,6) (3,5) 
992 K4 : (2,4) (5,7) (3,5) (1,6) 
993 K5 : (2,4) (5,7) (3,6) 
994 K4 : (2,5) (0,7) (1,6) (3,4) 
995 K4 : (2,5) (0,7) (3,4) (1,6) 
996 K5 : (2,5) (0,7) (3,6) 
997 K4 : (2,5) (1,6) (0,7) (3,4) 
998 K4 : (2,5) (1,6) (3,4) (0,7) 
999 K5 : (2,5) (1,6) (3,7) 
1000 K4 : (2,5) (3,4) (0,7) (1,6) 
1001 K4 : (2,5) (3,4) (1,6) (0,7) 
1002 K5 : (2,5) (3,6) (0,7) 
1003 K5 : (2,5) (3,7) (1,6) 
1004 K4 : (3,4) (0,7) (1,6) (2,5) 
1005 K4 : (3,4) (0,7) (2,5) (1,6) 
1006 K5 : (3,4) (0,7) (5,6) 
1007 K4 : (3,4) (1,6) (0,7) (2,5) 
1008 K4 : (3,4) (1,6) (2,5) (0,7) 
1009 K5 : (3,4) (1,6) (5,7) 
1010 K4 : (3,4) (2,5) (0,7) (1,6) 
1011 K4 : (3,4) (2,5) (1,6) (0,7) 
1012 K5 : (3,4) (5,6) (0,7) 
1013 K5 : (3,4) (5,7) (1,6) 
1014 K4 : (3,5) (0,7) (1,6) (2,4) 
1015 K4 : (3,5) (0,7) (2,4) (1,6) 
1016 K4 : (3,5) (0,7) (2,4) (3,6) 
1017 K4 : (3,5) (0,7) (3,6) (2,4) 
1018 K4 : (3,5) (1,6) (0,7) (2,4) 
1019 K4 : (3,5) (1,6) (2,4) (0,7) 
1020 K4 : (3,5) (1,6) (2,4) (3,7) 
1021 K4 : (3,5) (1,6) (3,7) (2,4) 
1022 K4 : (3,5) (2,4) (0,7) (1,6) 
1023 K4 : (3,5) (2,4) (0,7) (3,6) 
1024 K4 : (3,5) (2,4) (1,6) (0,7) 
1025 K4 : (3,5) (2,4) (1,6) (3,7) 
1026 K4 : (3,5) (2,4) (3,6) (0,7) 
1027 K4 : (3,5) (2,4) (3,7) (1,6) 
1028 K4 : (3,5) (3,6) (0,7) (2,4) 
1029 K4 : (3,5) (3,6) (2,4) (0,7) 
1030 K4 : (3,5) (3,7) (1,6) (2,4) 
1031 K4 : (3,5) (3,7) (2,4) (1,6) 
1032 K4 : (3,6) (0,7) (2,4) (3,5) 
1033 K5 : (3,6) (0,7) (2,5) 
1034 K4 : (3,6) (0,7) (3,5) (2,4) 
1035 K4 : (3,6) (2,4) (0,7) (3,5) 
1036 K4 : (3,6) (2,4) (3,5) (0,7) 
1037 K5 : (3,6) (2,4) (5,7) 
1038 K5 : (3,6) (2,5) (0,7) 
1039 K4 : (3,6) (3,5) (0,7) (2,4) 
1040 K4 : (3,6) (3,5) (2,4) (0,7) 
1041 K5 : (3,6) (5,7) (2,4) 
1042 K4 : (3,7) (1,6) (2,4) (3,5) 
1043 K5 : (3,7) (1,6) (2,5) 
1044 K4 : (3,7) (1,6) (3,5) (2,4) 
1045 K4 : (3,7) (2,4) (1,6) (3,5) 
1046 K4 : (3,7) (2,4) (3,5) (1,6) 
1047 K5 : (3,7) (2,4) (5,6) 
1048 K5 : (3,7) (2,5) (1,6) 
1049 K4 : (3,7) (3,5) (1,6) (2,4) 
1050 K4 : (3,7) (3,5) (2,4) (1,6) 
1051 K5 : (3,7) (5,6) (2,4) 
1052 K4 : (5,6) (0,7) (2,4) (3,5) 
1053 K5 : (5,6) (0,7) (3,4) 
1054 K4 : (5,6) (0,7) (3,5) (2,4) 
1055 K4 : (5,6) (2,4) (0,7) (3,5) 
1056 K4 : (5,6) (2,4) (3,5) (0,7) 
1057 K5 : (5,6) (2,4) (3,7) 
1058 K5 : (5,6) (3,4) (0,7) 
1059 K4 : (5,6) (3,5) (0,7) (2,4) 
1060 K4 : (5,6) (3,5) (2,4) (0,7) 
1061 K5 : (5,6) (3,7) (2,4) 
1062 K4 : (5,7) (1,6) (2,4) (3,5) 
1063 K5 : (5,7) (1,6) (3,4) 
1064 K4 : (5,7) (1,6) (3,5) (2,4) 
1065 K4 : (5,7) (2,4) (1,6) (3,5) 
1066 K4 : (5,7) (2,4) (3,5) (1,6) 
1067 K5 : (5,7) (2,4) (3,6) 
1068 K5 : (5,7) (3,4) (1,6) 
1069 K4 : (5,7) (3,5) (1,6) (2,4) 
1070 K4 : (5,7) (3,5) (2,4) (1,6) 
1071 K5 : (5,7) (3,6) (2,4) 
1072 K4 : (0,7) (1,5) (2,4) (3,6) 
1073 K4 : (0,7) (1,5) (2,6) (3,4) 
1074 K4 : (0,7) (1,5) (3,4) (2,6) 
1075 K4 : (0,7) (1,5) (3,6) (2,4) 
1076 K4 : (0,7) (1,6) (2,4) (3,5) 
1077 K5 : (0,7) (1,6) (3,4) 
1078 K4 : (0,7) (1,6) (3,5) (2,4) 
1079 K4 : (0,7) (2,4) (1,5) (3,6) 
1080 K4 : (0,7) (2,4) (1,6) (3,5) 
1081 K4 : (0,7) (2,4) (3,5) (1,6) 
1082 K4 : (0,7) (2,4) (3,6) (1,5) 
1083 K4 : (0,7) (2,6) (1,5) (3,4) 
1084 K4 : (0,7) (2,6) (3,4) (1,5) 
1085 K5 : (0,7) (2,6) (3,5) 
1086 K4 : (0,7) (3,4) (1,5) (2,6) 
1087 K5 : (0,7) (3,4) (1,6) 
1088 K4 : (0,7) (3,4) (2,6) (1,5) 
1089 K4 : (0,7) (3,5) (1,6) (2,4) 
1090 K4 : (0,7) (3,5) (2,4) (1,6) 
1091 K5 : (0,7) (3,5) (2,6) 
1092 K4 : (0,7) (3,6) (1,5) (2,4) 
1093 K4 : (0,7) (3,6) (2,4) (1,5) 
1094 K4 : (1,5) (0,7) (2,4) (3,6) 
1095 K4 : (1,5) (0,7) (2,6) (3,4) 
1096 K4 : (1,5) (0,7) (3,4) (2,6) 
1097 K4 : (1,5) (0,7) (3,6) (2,4) 
1098 K4 : (1,5) (2,4) (0,7) (3,6) 
1099 K4 : (1,5) (2,4) (3,6) (0,7) 
1100 K4 : (1,5) (2,4) (3,6) (3,7) 
1101 K4 : (1,5) (2,4) (3,7) (3,6) 
1102 K4 : (1,5) (2,4) (6,7) (3,6) 
1103 K4 : (1,5) (2,6) (0,7) (3,4) 
1104 K4 : (1,5) (2,6) (3,4) (0,7) 
1105 K5 : (1,5) (2,6) (3,7) 
1106 K4 : (1,5) (3,4) (0,7) (2,6) 
1107 K4 : (1,5) (3,4) (2,6) (0,7) 
1108 K5 : (1,5) (3,4) (6,7) 
1109 K4 : (1,5) (3,6) (0,7) (2,4) 
1110 K4 : (1,5) (3,6) (2,4) (0,7) 
1111 K4 : (1,5) (3,6) (2,4) (3,7) 
1112 K4 : (1,5) (3,6) (3,7) (2,4) 
1113 K4 : (1,5) (3,7) (2,4) (3,6) 
1114 K5 : (1,5) (3,7) (2,6) 
1115 K4 : (1,5) (3,7) (3,6) (2,4) 
1116 K4 : (1,5) (6,7) (2,4) (3,6) 
1117 K5 : (1,5) (6,7) (3,4) 
1118 K4 : (1,5) (6,7) (3,6) (2,4) 
1119 K4 : (1,6) (0,7) (2,4) (3,5) 
1120 K5 : (1,6) (0,7) (3,4) 
1121 K4 : (1,6) (0,7) (3,5) (2,4) 
1122 K4 : (1,6) (2,4) (0,7) (3,5) 
1123 K4 : (1,6) (2,4) (3,5) (0,7) 
1124 K5 : (1,6) (2,4) (3,7) 
1125 K5 : (1,6) (3,4) (0,7) 
1126 K4 : (1,6) (3,5) (0,7) (2,4) 
1127 K4 : (1,6) (3,5) (2,4) (0,7) 
1128 K5 : (1,6) (3,7) (2,4) 
1129 K4 : (2,4) (0,7) (1,5) (3,6) 
1130 K4 : (2,4) (0,7) (1,6) (3,5) 
1131 K4 : (2,4) (0,7) (3,5) (1,6) 
1132 K4 : (2,4) (0,7) (3,6) (1,5) 
1133 K4 : (2,4) (1,5) (0,7) (3,6) 
1134 K4 : (2,4) (1,5) (3,6) (0,7) 
1135 K4 : (2,4) (1,5) (3,6) (3,7) 
1136 K4 : (2,4) (1,5) (3,7) (3,6) 
1137 K4 : (2,4) (1,5) (6,7) (3,6) 
1138 K4 : (2,4) (1,6) (0,7) (3,5) 
1139 K4 : (2,4) (1,6) (3,5) (0,7) 
1140 K5 : (2,4) (1,6) (3,7) 
1141 K4 : (2,4) (3,5) (0,7) (1,6) 
1142 K4 : (2,4) (3,5) (1,6) (0,7) 
1143 K5 : (2,4) (3,5) (6,7) 
1144 K4 : (2,4) (3,6) (0,7) (1,5) 
1145 K4 : (2,4) (3,6) (1,5) (0,7) 
1146 K4 : (2,4) (3,6) (1,5) (3,7) 
1147 K4 : (2,4) (3,6) (3,7) (1,5) 
1148 K4 : (2,4) (3,7) (1,5) (3,6) 
1149 K5 : (2,4) (3,7) (1,6) 
1150 K4 : (2,4) (3,7) (3,6) (1,5) 
1151 K4 : (2,4) (6,7) (1,5) (3,6) 
1152 K5 : (2,4) (6,7) (3,5) 
1153 K4 : (2,4) (6,7) (3,6) (1,5) 
1154 K4 : (2,6) (0,7) (1,5) (3,4) 
1155 K4 : (2,6) (0,7) (3,4) (1,5) 
1156 K5 : (2,6) (0,7) (3,5) 
1157 K4 : (2,6) (1,5) (0,7) (3,4) 
1158 K4 : (2,6) (1,5) (3,4) (0,7) 
1159 K5 : (2,6) (1,5) (3,7) 
1160 K4 : (2,6) (3,4) (0,7) (1,5) 
1161 K4 : (2,6) (3,4) (1,5) (0,7) 
1162 K5 : (2,6) (3,5) (0,7) 
1163 K5 : (2,6) (3,7) (1,5) 
1164 K4 : (3,4) (0,7) (1,5) (2,6) 
1165 K5 : (3,4) (0,7) (1,6) 
1166 K4 : (3,4) (0,7) (2,6) (1,5) 
1167 K4 : (3,4) (1,5) (0,7) (2,6) 
1168 K4 : (3,4) (1,5) (2,6) (0,7) 
1169 K5 : (3,4) (1,5) (6,7) 
1170 K5 : (3,4) (1,6) (0,7) 
1171 K4 : (3,4) (2,6) (0,7) (1,5) 
1172 K4 : (3,4) (2,6) (1,5) (0,7) 
1173 K5 : (3,4) (6,7) (1,5) 
1174 K4 : (3,5) (0,7) (1,6) (2,4) 
1175 K4 : (3,5) (0,7) (2,4) (1,6) 
1176 K5 : (3,5) (0,7) (2,6) 
1177 K4 : (3,5) (1,6) (0,7) (2,4) 
1178 K4 : (3,5) (1,6) (2,4) (0,7) 
1179 K4 : (3,5) (2,4) (0,7) (1,6) 
1180 K4 : (3,5) (2,4) (1,6) (0,7) 
1181 K5 : (3,5) (2,4) (6,7) 
1182 K5 : (3,5) (2,6) (0,7) 
1183 K5 : (3,5) (6,7) (2,4) 
1184 K4 : (3,6) (0,7) (1,5) (2,4) 
1185 K4 : (3,6) (0,7) (2,4) (1,5) 
1186 K4 : (3,6) (1,5) (0,7) (2,4) 
1187 K4 : (3,6) (1,5) (2,4) (0,7) 
1188 K4 : (3,6) (1,5) (2,4) (3,7) 
1189 K4 : (3,6) (1,5) (3,7) (2,4) 
1190 K4 : (3,6) (2,4) (0,7) (1,5) 
1191 K4 : (3,6) (2,4) (1,5) (0,7) 
1192 K4 : (3,6) (2,4) (1,5) (3,7) 
1193 K4 : (3,6) (2,4) (3,7) (1,5) 
1194 K4 : (3,6) (3,7) (1,5) (2,4) 
1195 K4 : (3,6) (3,7) (2,4) (1,5) 
1196 K4 : (3,7) (1,5) (2,4) (3,6) 
1197 K5 : (3,7) (1,5) (2,6) 
1198 K4 : (3,7) (1,5) (3,6) (2,4) 
1199 K5 : (3,7) (1,6) (2,4) 
1200 K4 : (3,7) (2,4) (1,5) (3,6) 
1201 K5 : (3,7) (2,4) (1,6) 
1202 K4 : (3,7) (2,4) (3,6) (1,5) 
1203 K5 : (3,7) (2,6) (1,5) 
1204 K4 : (3,7) (3,6) (1,5) (2,4) 
1205 K4 : (3,7) (3,6) (2,4) (1,5) 
1206 K4 : (6,7) (1,5) (2,4) (3,6) 
1207 K5 : (6,7) (1,5) (3,4) 
1208 K4 : (6,7) (1,5) (3,6) (2,4) 
1209 K4 : (6,7) (2,4) (1,5) (3,6) 
1210 K5 : (6,7) (2,4) (3,5) 
1211 K4 : (6,7) (2,4) (3,6) (1,5) 
1212 K5 : (6,7) (3,4) (1,5) 
1213 K5 : (6,7) (3,5) (2,4) 
1214 K4 : (6,7) (3,6) (1,5) (2,4) 
1215 K4 : (6,7) (3,6) (2,4) (1,5) 
1216 K4 : (0,7) (1,5) (2,4) (3,6) 
1217 K4 : (0,7) (1,5) (2,6) (3,4) 
1218 K4 : (0,7) (1,5) (3,4) (2,6) 
1219 K4 : (0,7) (1,5) (3,6) (2,4) 
1220 K4 : (0,7) (1,6) (2,4) (3,5) 
1221 K4 : (0,7) (1,6) (3,4) (3,5) 
1222 K4 : (0,7) (1,6) (3,5) (2,4) 
1223 K4 : (0,7) (1,6) (3,5) (3,4) 
1224 K4 : (0,7) (1,6) (4,5) (3,4) 
1225 K4 : (0,7) (2,4) (1,5) (3,6) 
1226 K4 : (0,7) (2,4) (1,6) (3,5) 
1227 K4 : (0,7) (2,4) (3,5) (1,6) 
1228 K4 : (0,7) (2,4) (3,6) (1,5) 
1229 K4 : (0,7) (2,6) (1,5) (3,4) 
1230 K4 : (0,7) (2,6) (3,4) (1,5) 
1231 K4 : (0,7) (2,6) (3,4) (3,5) 
1232 K4 : (0,7) (2,6) (3,5) (3,4) 
1233 K4 : (0,7) (2,6) (4,5) (3,4) 
1234 K4 : (0,7) (3,4) (1,5) (2,6) 
1235 K4 : (0,7) (3,4) (1,6) (3,5) 
1236 K4 : (0,7) (3,4) (2,6) (1,5) 
1237 K4 : (0,7) (3,4) (2,6) (3,5) 
1238 K4 : (0,7) (3,4) (3,5) (1,6) 
1239 K4 : (0,7) (3,4) (3,5) (2,6) 
1240 K4 : (0,7) (3,5) (1,6) (2,4) 
1241 K4 : (0,7) (3,5) (1,6) (3,4) 
1242 K4 : (0,7) (3,5) (2,4) (1,6) 
1243 K4 : (0,7) (3,5) (2,6) (3,4) 
1244 K4 : (0,7) (3,5) (3,4) (1,6) 
1245 K4 : (0,7) (3,5) (3,4) (2,6) 
1246 K4 : (0,7) (3,6) (1,5) (2,4) 
1247 K4 : (0,7) (3,6) (2,4) (1,5) 
1248 K5 : (0,7) (3,6) (4,5) 
1249 K4 : (0,7) (4,5) (1,6) (3,4) 
1250 K4 : (0,7) (4,5) (2,6) (3,4) 
1251 K4 : (0,7) (4,5) (3,4) (1,6) 
1252 K4 : (0,7) (4,5) (3,4) (2,6) 
1253 K5 : (0,7) (4,5) (3,6) 
1254 K4 : (1,5) (0,7) (2,4) (3,6) 
1255 K4 : (1,5) (0,7) (2,6) (3,4) 
1256 K4 : (1,5) (0,7) (3,4) (2,6) 
1257 K4 : (1,5) (0,7) (3,6) (2,4) 
1258 K4 : (1,5) (2,4) (0,7) (3,6) 
1259 K4 : (1,5) (2,4) (3,6) (0,7) 
1260 K5 : (1,5) (2,4) (3,7) 
1261 K4 : (1,5) (2,6) (0,7) (3,4) 
1262 K4 : (1,5) (2,6) (3,4) (0,7) 
1263 K5 : (1,5) (2,6) (3,7) 
1264 K4 : (1,5) (3,4) (0,7) (2,6) 
1265 K4 : (1,5) (3,4) (2,6) (0,7) 
1266 K4 : (1,5) (3,6) (0,7) (2,4) 
1267 K4 : (1,5) (3,6) (2,4) (0,7) 
1268 K5 : (1,5) (3,7) (2,4) 
1269 K5 : (1,5) (3,7) (2,6) 
1270 K4 : (1,6) (0,7) (2,4) (3,5) 
1271 K4 : (1,6) (0,7) (3,4) (3,5) 
1272 K4 : (1,6) (0,7) (3,5) (2,4) 
1273 K4 : (1,6) (0,7) (3,5) (3,4) 
1274 K4 : (1,6) (0,7) (4,5) (3,4) 
1275 K4 : (1,6) (2,4) (0,7) (3,5) 
1276 K4 : (1,6) (2,4) (3,5) (0,7) 
1277 K5 : (1,6) (2,4) (3,7) 
1278 K4 : (1,6) (3,4) (0,7) (3,5) 
1279 K4 : (1,6) (3,4) (3,5) (0,7) 
1280 K4 : (1,6) (3,5) (0,7) (2,4) 
1281 K4 : (1,6) (3,5) (0,7) (3,4) 
1282 K4 : (1,6) (3,5) (2,4) (0,7) 
1283 K4 : (1,6) (3,5) (3,4) (0,7) 
1284 K5 : (1,6) (3,7) (2,4) 
1285 K5 : (1,6) (3,7) (4,5) 
1286 K4 : (1,6) (4,5) (0,7) (3,4) 
1287 K4 : (1,6) (4,5) (3,4) (0,7) 
1288 K5 : (1,6) (4,5) (3,7) 
1289 K4 : (2,4) (0,7) (1,5) (3,6) 
1290 K4 : (2,4) (0,7) (1,6) (3,5) 
1291 K4 : (2,4) (0,7) (3,5) (1,6) 
1292 K4 : (2,4) (0,7) (3,6) (1,5) 
1293 K4 : (2,4) (1,5) (0,7) (3,6) 
1294 K4 : (2,4) (1,5) (3,6) (0,7) 
1295 K5 : (2,4) (1,5) (3,7) 
1296 K4 : (2,4) (1,6) (0,7) (3,5) 
1297 K4 : (2,4) (1,6) (3,5) (0,7) 
1298 K5 : (2,4) (1,6) (3,7) 
1299 K4 : (2,4) (3,5) (0,7) (1,6) 
1300 K4 : (2,4) (3,5) (1,6) (0,7) 
1301 K4 : (2,4) (3,6) (0,7) (1,5) 
1302 K4 : (2,4) (3,6) (1,5) (0,7) 
1303 K5 : (2,4) (3,7) (1,5) 
1304 K5 : (2,4) (3,7) (1,6) 
1305 K4 : (2,6) (0,7) (1,5) (3,4) 
1306 K4 : (2,6) (0,7) (3,4) (1,5) 
1307 K4 : (2,6) (0,7) (3,4) (3,5) 
1308 K4 : (2,6) (0,7) (3,5) (3,4) 
1309 K4 : (2,6) (0,7) (4,5) (3,4) 
1310 K4 : (2,6) (1,5) (0,7) (3,4) 
1311 K4 : (2,6) (1,5) (3,4) (0,7) 
1312 K5 : (2,6) (1,5) (3,7) 
1313 K4 : (2,6) (3,4) (0,7) (1,5) 
1314 K4 : (2,6) (3,4) (0,7) (3,5) 
1315 K4 : (2,6) (3,4) (1,5) (0,7) 
1316 K4 : (2,6) (3,4) (3,5) (0,7) 
1317 K4 : (2,6) (3,5) (0,7) (3,4) 
1318 K4 : (2,6) (3,5) (3,4) (0,7) 
1319 K5 : (2,6) (3,7) (1,5) 
1320 K5 : (2,6) (3,7) (4,5) 
1321 K4 : (2,6) (4,5) (0,7) (3,4) 
1322 K4 : (2,6) (4,5) (3,4) (0,7) 
1323 K5 : (2,6) (4,5) (3,7) 
1324 K4 : (3,4) (0,7) (1,5) (2,6) 
1325 K4 : (3,4) (0,7) (1,6) (3,5) 
1326 K4 : (3,4) (0,7) (2,6) (1,5) 
1327 K4 : (3,4) (0,7) (2,6) (3,5) 
1328 K4 : (3,4) (0,7) (3,5) (1,6) 
1329 K4 : (3,4) (0,7) (3,5) (2,6) 
1330 K4 : (3,4) (1,5) (0,7) (2,6) 
1331 K4 : (3,4) (1,5) (2,6) (0,7) 
1332 K4 : (3,4) (1,6) (0,7) (3,5) 
1333 K4 : (3,4) (1,6) (3,5) (0,7) 
1334 K4 : (3,4) (2,6) (0,7) (1,5) 
1335 K4 : (3,4) (2,6) (0,7) (3,5) 
1336 K4 : (3,4) (2,6) (1,5) (0,7) 
1337 K4 : (3,4) (2,6) (3,5) (0,7) 
1338 K4 : (3,4) (3,5) (0,7) (1,6) 
1339 K4 : (3,4) (3,5) (0,7) (2,6) 
1340 K4 : (3,4) (3,5) (1,6) (0,7) 
1341 K4 : (3,4) (3,5) (2,6) (0,7) 
1342 K4 : (3,5) (0,7) (1,6) (2,4) 
1343 K4 : (3,5) (0,7) (1,6) (3,4) 
1344 K4 : (3,5) (0,7) (2,4) (1,6) 
1345 K4 : (3,5) (0,7) (2,6) (3,4) 
1346 K4 : (3,5) (0,7) (3,4) (1,6) 
1347 K4 : (3,5) (0,7) (3,4) (2,6) 
1348 K4 : (3,5) (1,6) (0,7) (2,4) 
1349 K4 : (3,5) (1,6) (0,7) (3,4) 
1350 K4 : (3,5) (1,6) (2,4) (0,7) 
1351 K4 : (3,5) (1,6) (3,4) (0,7) 
1352 K4 : (3,5) (2,4) (0,7) (1,6) 
1353 K4 : (3,5) (2,4) (1,6) (0,7) 
1354 K4 : (3,5) (2,6) (0,7) (3,4) 
1355 K4 : (3,5) (2,6) (3,4) (0,7) 
1356 K4 : (3,5) (3,4) (0,7) (1,6) 
1357 K4 : (3,5) (3,4) (0,7) (2,6) 
1358 K4 : (3,5) (3,4) (1,6) (0,7) 
1359 K4 : (3,5) (3,4) (2,6) (0,7) 
1360 K4 : (3,6) (0,7) (1,5) (2,4) 
1361 K4 : (3,6) (0,7) (2,4) (1,5) 
1362 K5 : (3,6) (0,7) (4,5) 
1363 K4 : (3,6) (1,5) (0,7) (2,4) 
1364 K4 : (3,6) (1,5) (2,4) (0,7) 
1365 K4 : (3,6) (2,4) (0,7) (1,5) 
1366 K4 : (3,6) (2,4) (1,5) (0,7) 
1367 K5 : (3,6) (4,5) (0,7) 
1368 K5 : (3,7) (1,5) (2,4) 
1369 K5 : (3,7) (1,5) (2,6) 
1370 K5 : (3,7) (1,6) (2,4) 
1371 K5 : (3,7) (1,6) (4,5) 
1372 K5 : (3,7) (2,4) (1,5) 
1373 K5 : (3,7) (2,4) (1,6) 
1374 K5 : (3,7) (2,6) (1,5) 
1375 K5 : (3,7) (2,6) (4,5) 
1376 K5 : (3,7) (4,5) (1,6) 
1377 K5 : (3,7) (4,5) (2,6) 
1378 K4 : (4,5) (0,7) (1,6) (3,4) 
1379 K4 : (4,5) (0,7) (2,6) (3,4) 
1380 K4 : (4,5) (0,7) (3,4) (1,6) 
1381 K4 : (4,5) (0,7) (3,4) (2,6) 
1382 K5 : (4,5) (0,7) (3,6) 
1383 K4 : (4,5) (1,6) (0,7) (3,4) 
1384 K4 : (4,5) (1,6) (3,4) (0,7) 
1385 K5 : (4,5) (1,6) (3,7) 
1386 K4 : (4,5) (2,6) (0,7) (3,4) 
1387 K4 : (4,5) (2,6) (3,4) (0,7) 
1388 K5 : (4,5) (2,6) (3,7) 
1389 K4 : (4,5) (3,4) (0,7) (1,6) 
1390 K4 : (4,5) (3,4) (0,7) (2,6) 
1391 K4 : (4,5) (3,4) (1,6) (0,7) 
1392 K4 : (4,5) (3,4) (2,6) (0,7) 
1393 K5 : (4,5) (3,6) (0,7) 
1394 K5 : (4,5) (3,7) (1,6) 
1395 K5 : (4,5) (3,7) (2,6) 
1396 K3 : (0,7) (1,4) (1,5) (2,3) (2,6) 
1397 K3 : (0,7) (1,4) (1,5) (2,6) (2,3) 
1398 K3 : (0,7) (1,4) (1,5) (3,6) (2,3) 
1399 K3 : (0,7) (1,4) (2,3) (1,5) (2,6) 
1400 K3 : (0,7) (1,4) (2,3) (2,6) (1,5) 
1401 K4 : (0,7) (1,4) (2,5) (3,6) 
1402 K3 : (0,7) (1,4) (2,6) (1,5) (2,3) 
1403 K3 : (0,7) (1,4) (2,6) (2,3) (1,5) 
1404 K3 : (0,7) (1,4) (3,6) (1,5) (2,3) 
1405 K3 : (0,7) (1,4) (3,6) (2,3) (1,5) 
1406 K4 : (0,7) (1,4) (3,6) (2,5) 
1407 K3 : (0,7) (1,5) (1,4) (2,3) (2,6) 
1408 K3 : (0,7) (1,5) (1,4) (2,6) (2,3) 
1409 K3 : (0,7) (1,5) (1,4) (3,6) (2,3) 
1410 K3 : (0,7) (1,5) (2,3) (1,4) (2,6) 
1411 K3 : (0,7) (1,5) (2,3) (2,6) (1,4) 
1412 K3 : (0,7) (1,5) (2,6) (1,4) (2,3) 
1413 K3 : (0,7) (1,5) (2,6) (2,3) (1,4) 
1414 K4 : (0,7) (1,5) (2,6) (3,4) 
1415 K4 : (0,7) (1,5) (3,4) (2,6) 
1416 K3 : (0,7) (1,5) (3,6) (1,4) (2,3) 
1417 K3 : (0,7) (1,5) (3,6) (2,3) (1,4) 
1418 K4 : (0,7) (1,6) (2,3) (4,5) 
1419 K4 : (0,7) (1,6) (2,5) (3,4) 
1420 K4 : (0,7) (1,6) (3,4) (2,5) 
1421 K4 : (0,7) (1,6) (4,5) (2,3) 
1422 K3 : (0,7) (2,3) (1,4) (1,5) (2,6) 
1423 K3 : (0,7) (2,3) (1,4) (2,6) (1,5) 
1424 K3 : (0,7) (2,3) (1,5) (1,4) (2,6) 
1425 K3 : (0,7) (2,3) (1,5) (2,6) (1,4) 
1426 K4 : (0,7) (2,3) (1,6) (4,5) 
1427 K3 : (0,7) (2,3) (2,6) (1,4) (1,5) 
1428 K3 : (0,7) (2,3) (2,6) (1,5) (1,4) 
1429 K3 : (0,7) (2,3) (2,6) (4,5) (1,4) 
1430 K3 : (0,7) (2,3) (4,5) (1,4) (2,6) 
1431 K4 : (0,7) (2,3) (4,5) (1,6) 
1432 K3 : (0,7) (2,3) (4,5) (2,6) (1,4) 
1433 K4 : (0,7) (2,5) (1,4) (3,6) 
1434 K4 : (0,7) (2,5) (1,6) (3,4) 
1435 K4 : (0,7) (2,5) (3,4) (1,6) 
1436 K4 : (0,7) (2,5) (3,6) (1,4) 
1437 K3 : (0,7) (2,6) (1,4) (1,5) (2,3) 
1438 K3 : (0,7) (2,6) (1,4) (2,3) (1,5) 
1439 K3 : (0,7) (2,6) (1,5) (1,4) (2,3) 
1440 K3 : (0,7) (2,6) (1,5) (2,3) (1,4) 
1441 K4 : (0,7) (2,6) (1,5) (3,4) 
1442 K3 : (0,7) (2,6) (2,3) (1,4) (1,5) 
1443 K3 : (0,7) (2,6) (2,3) (1,5) (1,4) 
1444 K3 : (0,7) (2,6) (2,3) (4,5) (1,4) 
1445 K4 : (0,7) (2,6) (3,4) (1,5) 
1446 K3 : (0,7) (2,6) (4,5) (1,4) (2,3) 
1447 K3 : (0,7) (2,6) (4,5) (2,3) (1,4) 
1448 K4 : (0,7) (3,4) (1,5) (2,6) 
1449 K4 : (0,7) (3,4) (1,6) (2,5) 
1450 K4 : (0,7) (3,4) (2,5) (1,6) 
1451 K4 : (0,7) (3,4) (2,6) (1,5) 
1452 K3 : (0,7) (3,6) (1,4) (1,5) (2,3) 
1453 K3 : (0,7) (3,6) (1,4) (2,3) (1,5) 
1454 K4 : (0,7) (3,6) (1,4) (2,5) 
1455 K3 : (0,7) (3,6) (1,5) (1,4) (2,3) 
1456 K3 : (0,7) (3,6) (1,5) (2,3) (1,4) 
1457 K3 : (0,7) (3,6) (2,3) (1,4) (1,5) 
1458 K3 : (0,7) (3,6) (2,3) (1,5) (1,4) 
1459 K3 : (0,7) (3,6) (2,3) (4,5) (1,4) 
1460 K4 : (0,7) (3,6) (2,5) (1,4) 
1461 K3 : (0,7) (3,6) (4,5) (1,4) (2,3) 
1462 K3 : (0,7) (3,6) (4,5) (2,3) (1,4) 
1463 K3 : (0,7) (4,5) (1,4) (2,3) (2,6) 
1464 K3 : (0,7) (4,5) (1,4) (2,6) (2,3) 
1465 K3 : (0,7) (4,5) (1,4) (3,6) (2,3) 
1466 K4 : (0,7) (4,5) (1,6) (2,3) 
1467 K3 : (0,7) (4,5) (2,3) (1,4) (2,6) 
1468 K4 : (0,7) (4,5) (2,3) (1,6) 
1469 K3 : (0,7) (4,5) (2,3) (2,6) (1,4) 
1470 K3 : (0,7) (4,5) (2,6) (1,4) (2,3) 
1471 K3 : (0,7) (4,5) (2,6) (2,3) (1,4) 
1472 K3 : (0,7) (4,5) (3,6) (1,4) (2,3) 
1473 K3 : (0,7) (4,5) (3,6) (2,3) (1,4) 
1474 K3 : (1,4) (0,7) (1,5) (2,3) (2,6) 
1475 K3 : (1,4) (0,7) (1,5) (2,6) (2,3) 
1476 K3 : (1,4) (0,7) (1,5) (3,6) (2,3) 
1477 K3 : (1,4) (0,7) (2,3) (1,5) (2,6) 
1478 K3 : (1,4) (0,7) (2,3) (2,6) (1,5) 
1479 K4 : (1,4) (0,7) (2,5) (3,6) 
1480 K3 : (1,4) (0,7) (2,6) (1,5) (2,3) 
1481 K3 : (1,4) (0,7) (2,6) (2,3) (1,5) 
1482 K3 : (1,4) (0,7) (3,6) (1,5) (2,3) 
1483 K3 : (1,4) (0,7) (3,6) (2,3) (1,5) 
1484 K4 : (1,4) (0,7) (3,6) (2,5) 
1485 K3 : (1,4) (1,5) (0,7) (2,3) (2,6) 
1486 K3 : (1,4) (1,5) (0,7) (2,6) (2,3) 
1487 K3 : (1,4) (1,5) (0,7) (3,6) (2,3) 
1488 K3 : (1,4) (1,5) (2,3) (0,7) (2,6) 
1489 K3 : (1,4) (1,5) (2,3) (2,6) (0,7) 
1490 K3 : (1,4) (1,5) (2,6) (0,7) (2,3) 
1491 K3 : (1,4) (1,5) (2,6) (2,3) (0,7) 
1492 K3 : (1,4) (1,5) (3,6) (0,7) (2,3) 
1493 K3 : (1,4) (1,5) (3,6) (2,3) (0,7) 
1494 K3 : (1,4) (2,3) (0,7) (1,5) (2,6) 
1495 K3 : (1,4) (2,3) (0,7) (2,6) (1,5) 
1496 K3 : (1,4) (2,3) (1,5) (0,7) (2,6) 
1497 K3 : (1,4) (2,3) (1,5) (2,6) (0,7) 
1498 K3 : (1,4) (2,3) (2,6) (0,7) (1,5) 
1499 K3 : (1,4) (2,3) (2,6) (1,5) (0,7) 
1500 K4 : (1,4) (2,5) (0,7) (3,6) 
1501 K4 : (1,4) (2,5) (3,6) (0,7) 
1502 K3 : (1,4) (2,6) (0,7) (1,5) (2,3) 
1503 K3 : (1,4) (2,6) (0,7) (2,3) (1,5) 
1504 K3 : (1,4) (2,6) (1,5) (0,7) (2,3) 
1505 K3 : (1,4) (2,6) (1,5) (2,3) (0,7) 
1506 K3 : (1,4) (2,6) (2,3) (0,7) (1,5) 
1507 K3 : (1,4) (2,6) (2,3) (1,5) (0,7) 
1508 K3 : (1,4) (3,6) (0,7) (1,5) (2,3) 
1509 K3 : (1,4) (3,6) (0,7) (2,3) (1,5) 
1510 K4 : (1,4) (3,6) (0,7) (2,5) 
1511 K3 : (1,4) (3,6) (1,5) (0,7) (2,3) 
1512 K3 : (1,4) (3,6) (1,5) (2,3) (0,7) 
1513 K3 : (1,4) (3,6) (2,3) (0,7) (1,5) 
1514 K3 : (1,4) (3,6) (2,3) (1,5) (0,7) 
1515 K4 : (1,4) (3,6) (2,5) (0,7) 
1516 K3 : (1,5) (0,7) (1,4) (2,3) (2,6) 
1517 K3 : (1,5) (0,7) (1,4) (2,6) (2,3) 
1518 K3 : (1,5) (0,7) (1,4) (3,6) (2,3) 
1519 K3 : (1,5) (0,7) (2,3) (1,4) (2,6) 
1520 K3 : (1,5) (0,7) (2,3) (2,6) (1,4) 
1521 K3 : (1,5) (0,7) (2,6) (1,4) (2,3) 
1522 K3 : (1,5) (0,7) (2,6) (2,3) (1,4) 
1523 K4 : (1,5) (0,7) (2,6) (3,4) 
1524 K4 : (1,5) (0,7) (3,4) (2,6) 
1525 K3 : (1,5) (0,7) (3,6) (1,4) (2,3) 
1526 K3 : (1,5) (0,7) (3,6) (2,3) (1,4) 
1527 K3 : (1,5) (1,4) (0,7) (2,3) (2,6) 
1528 K3 : (1,5) (1,4) (0,7) (2,6) (2,3) 
1529 K3 : (1,5) (1,4) (0,7) (3,6) (2,3) 
1530 K3 : (1,5) (1,4) (2,3) (0,7) (2,6) 
1531 K3 : (1,5) (1,4) (2,3) (2,6) (0,7) 
1532 K3 : (1,5) (1,4) (2,6) (0,7) (2,3) 
1533 K3 : (1,5) (1,4) (2,6) (2,3) (0,7) 
1534 K3 : (1,5) (1,4) (3,6) (0,7) (2,3) 
1535 K3 : (1,5) (1,4) (3,6) (2,3) (0,7) 
1536 K3 : (1,5) (2,3) (0,7) (1,4) (2,6) 
1537 K3 : (1,5) (2,3) (0,7) (2,6) (1,4) 
1538 K3 : (1,5) (2,3) (1,4) (0,7) (2,6) 
1539 K3 : (1,5) (2,3) (1,4) (2,6) (0,7) 
1540 K3 : (1,5) (2,3) (2,6) (0,7) (1,4) 
1541 K3 : (1,5) (2,3) (2,6) (1,4) (0,7) 
1542 K3 : (1,5) (2,6) (0,7) (1,4) (2,3) 
1543 K3 : (1,5) (2,6) (0,7) (2,3) (1,4) 
1544 K4 : (1,5) (2,6) (0,7) (3,4) 
1545 K3 : (1,5) (2,6) (1,4) (0,7) (2,3) 
1546 K3 : (1,5) (2,6) (1,4) (2,3) (0,7) 
1547 K3 : (1,5) (2,6) (2,3) (0,7) (1,4) 
1548 K3 : (1,5) (2,6) (2,3) (1,4) (0,7) 
1549 K4 : (1,5) (2,6) (3,4) (0,7) 
1550 K4 : (1,5) (3,4) (0,7) (2,6) 
1551 K4 : (1,5) (3,4) (2,6) (0,7) 
1552 K3 : (1,5) (3,6) (0,7) (1,4) (2,3) 
1553 K3 : (1,5) (3,6) (0,7) (2,3) (1,4) 
1554 K3 : (1,5) (3,6) (1,4) (0,7) (2,3) 
1555 K3 : (1,5) (3,6) (1,4) (2,3) (0,7) 
1556 K3 : (1,5) (3,6) (2,3) (0,7) (1,4) 
1557 K3 : (1,5) (3,6) (2,3) (1,4) (0,7) 
1558 K4 : (1,6) (0,7) (2,3) (4,5) 
1559 K4 : (1,6) (0,7) (2,5) (3,4) 
1560 K4 : (1,6) (0,7) (3,4) (2,5) 
1561 K4 : (1,6) (0,7) (4,5) (2,3) 
1562 K4 : (1,6) (2,3) (0,7) (4,5) 
1563 K4 : (1,6) (2,3) (4,5) (0,7) 
1564 K4 : (1,6) (2,5) (0,7) (3,4) 
1565 K4 : (1,6) (2,5) (3,4) (0,7) 
1566 K4 : (1,6) (3,4) (0,7) (2,5) 
1567 K4 : (1,6) (3,4) (2,5) (0,7) 
1568 K4 : (1,6) (4,5) (0,7) (2,3) 
1569 K4 : (1,6) (4,5) (2,3) (0,7) 
1570 K3 : (2,3) (0,7) (1,4) (1,5) (2,6) 
1571 K3 : (2,3) (0,7) (1,4) (2,6) (1,5) 
1572 K3 : (2,3) (0,7) (1,5) (1,4) (2,6) 
1573 K3 : (2,3) (0,7) (1,5) (2,6) (1,4) 
1574 K4 : (2,3) (0,7) (1,6) (4,5) 
1575 K3 : (2,3) (0,7) (2,6) (1,4) (1,5) 
1576 K3 : (2,3) (0,7) (2,6) (1,5) (1,4) 
1577 K3 : (2,3) (0,7) (2,6) (4,5) (1,4) 
1578 K3 : (2,3) (0,7) (4,5) (1,4) (2,6) 
1579 K4 : (2,3) (0,7) (4,5) (1,6) 
1580 K3 : (2,3) (0,7) (4,5) (2,6) (1,4) 
1581 K3 : (2,3) (1,4) (0,7) (1,5) (2,6) 
1582 K3 : (2,3) (1,4) (0,7) (2,6) (1,5) 
1583 K3 : (2,3) (1,4) (1,5) (0,7) (2,6) 
1584 K3 : (2,3) (1,4) (1,5) (2,6) (0,7) 
1585 K3 : (2,3) (1,4) (2,6) (0,7) (1,5) 
1586 K3 : (2,3) (1,4) (2,6) (1,5) (0,7) 
1587 K3 : (2,3) (1,5) (0,7) (1,4) (2,6) 
1588 K3 : (2,3) (1,5) (0,7) (2,6) (1,4) 
1589 K3 : (2,3) (1,5) (1,4) (0,7) (2,6) 
1590 K3 : (2,3) (1,5) (1,4) (2,6) (0,7) 
1591 K3 : (2,3) (1,5) (2,6) (0,7) (1,4) 
1592 K3 : (2,3) (1,5) (2,6) (1,4) (0,7) 
1593 K4 : (2,3) (1,6) (0,7) (4,5) 
1594 K4 : (2,3) (1,6) (4,5) (0,7) 
1595 K3 : (2,3) (2,6) (0,7) (1,4) (1,5) 
1596 K3 : (2,3) (2,6) (0,7) (1,5) (1,4) 
1597 K3 : (2,3) (2,6) (0,7) (4,5) (1,4) 
1598 K3 : (2,3) (2,6) (1,4) (0,7) (1,5) 
1599 K3 : (2,3) (2,6) (1,4) (1,5) (0,7) 
1600 K3 : (2,3) (2,6) (1,5) (0,7) (1,4) 
1601 K3 : (2,3) (2,6) (1,5) (1,4) (0,7) 
1602 K3 : (2,3) (2,6) (4,5) (0,7) (1,4) 
1603 K3 : (2,3) (2,6) (4,5) (1,4) (0,7) 
1604 K3 : (2,3) (4,5) (0,7) (1,4) (2,6) 
1605 K4 : (2,3) (4,5) (0,7) (1,6) 
1606 K3 : (2,3) (4,5) (0,7) (2,6) (1,4) 
1607 K3 : (2,3) (4,5) (1,4) (0,7) (2,6) 
1608 K3 : (2,3) (4,5) (1,4) (2,6) (0,7) 
1609 K4 : (2,3) (4,5) (1,6) (0,7) 
1610 K3 : (2,3) (4,5) (2,6) (0,7) (1,4) 
1611 K3 : (2,3) (4,5) (2,6) (1,4) (0,7) 
1612 K4 : (2,5) (0,7) (1,4) (3,6) 
1613 K4 : (2,5) (0,7) (1,6) (3,4) 
1614 K4 : (2,5) (0,7) (3,4) (1,6) 
1615 K4 : (2,5) (0,7) (3,6) (1,4) 
1616 K4 : (2,5) (1,4) (0,7) (3,6) 
1617 K4 : (2,5) (1,4) (3,6) (0,7) 
1618 K4 : (2,5) (1,6) (0,7) (3,4) 
1619 K4 : (2,5) (1,6) (3,4) (0,7) 
1620 K4 : (2,5) (3,4) (0,7) (1,6) 
1621 K4 : (2,5) (3,4) (1,6) (0,7) 
1622 K4 : (2,5) (3,6) (0,7) (1,4) 
1623 K4 : (2,5) (3,6) (1,4) (0,7) 
1624 K3 : (2,6) (0,7) (1,4) (1,5) (2,3) 
1625 K3 : (2,6) (0,7) (1,4) (2,3) (1,5) 
1626 K3 : (2,6) (0,7) (1,5) (1,4) (2,3) 
1627 K3 : (2,6) (0,7) (1,5) (2,3) (1,4) 
1628 K4 : (2,6) (0,7) (1,5) (3,4) 
1629 K3 : (2,6) (0,7) (2,3) (1,4) (1,5) 
1630 K3 : (2,6) (0,7) (2,3) (1,5) (1,4) 
1631 K3 : (2,6) (0,7) (2,3) (4,5) (1,4) 
1632 K4 : (2,6) (0,7) (3,4) (1,5) 
1633 K3 : (2,6) (0,7) (4,5) (1,4) (2,3) 
1634 K3 : (2,6) (0,7) (4,5) (2,3) (1,4) 
1635 K3 : (2,6) (1,4) (0,7) (1,5) (2,3) 
1636 K3 : (2,6) (1,4) (0,7) (2,3) (1,5) 
1637 K3 : (2,6) (1,4) (1,5) (0,7) (2,3) 
1638 K3 : (2,6) (1,4) (1,5) (2,3) (0,7) 
1639 K3 : (2,6) (1,4) (2,3) (0,7) (1,5) 
1640 K3 : (2,6) (1,4) (2,3) (1,5) (0,7) 
1641 K3 : (2,6) (1,5) (0,7) (1,4) (2,3) 
1642 K3 : (2,6) (1,5) (0,7) (2,3) (1,4) 
1643 K4 : (2,6) (1,5) (0,7) (3,4) 
1644 K3 : (2,6) (1,5) (1,4) (0,7) (2,3) 
1645 K3 : (2,6) (1,5) (1,4) (2,3) (0,7) 
1646 K3 : (2,6) (1,5) (2,3) (0,7) (1,4) 
1647 K3 : (2,6) (1,5) (2,3) (1,4) (0,7) 
1648 K4 : (2,6) (1,5) (3,4) (0,7) 
1649 K3 : (2,6) (2,3) (0,7) (1,4) (1,5) 
1650 K3 : (2,6) (2,3) (0,7) (1,5) (1,4) 
1651 K3 : (2,6) (2,3) (0,7) (4,5) (1,4) 
1652 K3 : (2,6) (2,3) (1,4) (0,7) (1,5) 
1653 K3 : (2,6) (2,3) (1,4) (1,5) (0,7) 
1654 K3 : (2,6) (2,3) (1,5) (0,7) (1,4) 
1655 K3 : (2,6) (2,3) (1,5) (1,4) (0,7) 
1656 K3 : (2,6) (2,3) (4,5) (0,7) (1,4) 
1657 K3 : (2,6) (2,3) (4,5) (1,4) (0,7) 
1658 K4 : (2,6) (3,4) (0,7) (1,5) 
1659 K4 : (2,6) (3,4) (1,5) (0,7) 
1660 K3 : (2,6) (4,5) (0,7) (1,4) (2,3) 
1661 K3 : (2,6) (4,5) (0,7) (2,3) (1,4) 
1662 K3 : (2,6) (4,5) (1,4) (0,7) (2,3) 
1663 K3 : (2,6) (4,5) (1,4) (2,3) (0,7) 
1664 K3 : (2,6) (4,5) (2,3) (0,7) (1,4) 
1665 K3 : (2,6) (4,5) (2,3) (1,4) (0,7) 
1666 K4 : (3,4) (0,7) (1,5) (2,6) 
1667 K4 : (3,4) (0,7) (1,6) (2,5) 
1668 K4 : (3,4) (0,7) (2,5) (1,6) 
1669 K4 : (3,4) (0,7) (2,6) (1,5) 
1670 K4 : (3,4) (1,5) (0,7) (2,6) 
1671 K4 : (3,4) (1,5) (2,6) (0,7) 
1672 K4 : (3,4) (1,6) (0,7) (2,5) 
1673 K4 : (3,4) (1,6) (2,5) (0,7) 
1674 K4 : (3,4) (2,5) (0,7) (1,6) 
1675 K4 : (3,4) (2,5) (1,6) (0,7) 
1676 K4 : (3,4) (2,6) (0,7) (1,5) 
1677 K4 : (3,4) (2,6) (1,5) (0,7) 
1678 K3 : (3,6) (0,7) (1,4) (1,5) (2,3) 
1679 K3 : (3,6) (0,7) (1,4) (2,3) (1,5) 
1680 K4 : (3,6) (0,7) (1,4) (2,5) 
1681 K3 : (3,6) (0,7) (1,5) (1,4) (2,3) 
1682 K3 : (3,6) (0,7) (1,5) (2,3) (1,4) 
1683 K3 : (3,6) (0,7) (2,3) (1,4) (1,5) 
1684 K3 : (3,6) (0,7) (2,3) (1,5) (1,4) 
1685 K3 : (3,6) (0,7) (2,3) (4,5) (1,4) 
1686 K4 : (3,6) (0,7) (2,5) (1,4) 
1687 K3 : (3,6) (0,7) (4,5) (1,4) (2,3) 
1688 K3 : (3,6) (0,7) (4,5) (2,3) (1,4) 
1689 K3 : (3,6) (1,4) (0,7) (1,5) (2,3) 
1690 K3 : (3,6) (1,4) (0,7) (2,3) (1,5) 
1691 K4 : (3,6) (1,4) (0,7) (2,5) 
1692 K3 : (3,6) (1,4) (1,5) (0,7) (2,3) 
1693 K3 : (3,6) (1,4) (1,5) (2,3) (0,7) 
1694 K3 : (3,6) (1,4) (2,3) (0,7) (1,5) 
1695 K3 : (3,6) (1,4) (2,3) (1,5) (0,7) 
1696 K4 : (3,6) (1,4) (2,5) (0,7) 
1697 K3 : (3,6) (1,5) (0,7) (1,4) (2,3) 
1698 K3 : (3,6) (1,5) (0,7) (2,3) (1,4) 
1699 K3 : (3,6) (1,5) (1,4) (0,7) (2,3) 
1700 K3 : (3,6) (1,5) (1,4) (2,3) (0,7) 
1701 K3 : (3,6) (1,5) (2,3) (0,7) (1,4) 
1702 K3 : (3,6) (1,5) (2,3) (1,4) (0,7) 
1703 K3 : (3,6) (2,3) (0,7) (1,4) (1,5) 
1704 K3 : (3,6) (2,3) (0,7) (1,5) (1,4) 
1705 K3 : (3,6) (2,3) (0,7) (4,5) (1,4) 
1706 K3 : (3,6) (2,3) (1,4) (0,7) (1,5) 
1707 K3 : (3,6) (2,3) (1,4) (1,5) (0,7) 
1708 K3 : (3,6) (2,3) (1,5) (0,7) (1,4) 
1709 K3 : (3,6) (2,3) (1,5) (1,4) (0,7) 
1710 K3 : (3,6) (2,3) (4,5) (0,7) (1,4) 
1711 K3 : (3,6) (2,3) (4,5) (1,4) (0,7) 
1712 K4 : (3,6) (2,5) (0,7) (1,4) 
1713 K4 : (3,6) (2,5) (1,4) (0,7) 
1714 K3 : (3,6) (4,5) (0,7) (1,4) (2,3) 
1715 K3 : (3,6) (4,5) (0,7) (2,3) (1,4) 
1716 K3 : (3,6) (4,5) (1,4) (0,7) (2,3) 
1717 K3 : (3,6) (4,5) (1,4) (2,3) (0,7) 
1718 K3 : (3,6) (4,5) (2,3) (0,7) (1,4) 
1719 K3 : (3,6) (4,5) (2,3) (1,4) (0,7) 
1720 K3 : (4,5) (0,7) (1,4) (2,3) (2,6) 
1721 K3 : (4,5) (0,7) (1,4) (2,6) (2,3) 
1722 K3 : (4,5) (0,7) (1,4) (3,6) (2,3) 
1723 K4 : (4,5) (0,7) (1,6) (2,3) 
1724 K3 : (4,5) (0,7) (2,3) (1,4) (2,6) 
1725 K4 : (4,5) (0,7) (2,3) (1,6) 
1726 K3 : (4,5) (0,7) (2,3) (2,6) (1,4) 
1727 K3 : (4,5) (0,7) (2,6) (1,4) (2,3) 
1728 K3 : (4,5) (0,7) (2,6) (2,3) (1,4) 
1729 K3 : (4,5) (0,7) (3,6) (1,4) (2,3) 
1730 K3 : (4,5) (0,7) (3,6) (2,3) (1,4) 
1731 K3 : (4,5) (1,4) (0,7) (2,3) (2,6) 
1732 K3 : (4,5) (1,4) (0,7) (2,6) (2,3) 
1733 K3 : (4,5) (1,4) (0,7) (3,6) (2,3) 
1734 K3 : (4,5) (1,4) (2,3) (0,7) (2,6) 
1735 K3 : (4,5) (1,4) (2,3) (2,6) (0,7) 
1736 K3 : (4,5) (1,4) (2,6) (0,7) (2,3) 
1737 K3 : (4,5) (1,4) (2,6) (2,3) (0,7) 
1738 K3 : (4,5) (1,4) (3,6) (0,7) (2,3) 
1739 K3 : (4,5) (1,4) (3,6) (2,3) (0,7) 
1740 K4 : (4,5) (1,6) (0,7) (2,3) 
1741 K4 : (4,5) (1,6) (2,3) (0,7) 
1742 K3 : (4,5) (2,3) (0,7) (1,4) (2,6) 
1743 K4 : (4,5) (2,3) (0,7) (1,6) 
1744 K3 : (4,5) (2,3) (0,7) (2,6) (1,4) 
1745 K3 : (4,5) (2,3) (1,4) (0,7) (2,6) 
1746 K3 : (4,5) (2,3) (1,4) (2,6) (0,7) 
1747 K4 : (4,5) (2,3) (1,6) (0,7) 
1748 K3 : (4,5) (2,3) (2,6) (0,7) (1,4) 
1749 K3 : (4,5) (2,3) (2,6) (1,4) (0,7) 
1750 K3 : (4,5) (2,6) (0,7) (1,4) (2,3) 
1751 K3 : (4,5) (2,6) (0,7) (2,3) (1,4) 
1752 K3 : (4,5) (2,6) (1,4) (0,7) (2,3) 
1753 K3 : (4,5) (2,6) (1,4) (2,3) (0,7) 
1754 K3 : (4,5) (2,6) (2,3) (0,7) (1,4) 
1755 K3 : (4,5) (2,6) (2,3) (1,4) (0,7) 
1756 K3 : (4,5) (3,6) (0,7) (1,4) (2,3) 
1757 K3 : (4,5) (3,6) (0,7) (2,3) (1,4) 
1758 K3 : (4,5) (3,6) (1,4) (0,7) (2,3) 
1759 K3 : (4,5) (3,6) (1,4) (2,3) (0,7) 
1760 K3 : (4,5) (3,6) (2,3) (0,7) (1,4) 
1761 K3 : (4,5) (3,6) (2,3) (1,4) (0,7) 
1762 K4 : (0,6) (1,5) (2,4) (3,7) 
1763 K4 : (0,6) (1,5) (2,7) (3,4) 
1764 K4 : (0,6) (1,5) (3,4) (2,7) 
1765 K4 : (0,6) (1,5) (3,7) (2,4) 
1766 K4 : (0,6) (1,7) (2,4) (3,5) 
1767 K5 : (0,6) (1,7) (3,4) 
1768 K4 : (0,6) (1,7) (3,5) (2,4) 
1769 K4 : (0,6) (2,4) (1,5) (3,7) 
1770 K4 : (0,6) (2,4) (1,7) (3,5) 
1771 K4 : (0,6) (2,4) (3,5) (1,7) 
1772 K4 : (0,6) (2,4) (3,7) (1,5) 
1773 K4 : (0,6) (2,7) (1,5) (3,4) 
1774 K4 : (0,6) (2,7) (3,4) (1,5) 
1775 K5 : (0,6) (2,7) (3,5) 
1776 K4 : (0,6) (3,4) (1,5) (2,7) 
1777 K5 : (0,6) (3,4) (1,7) 
1778 K4 : (0,6) (3,4) (2,7) (1,5) 
1779 K4 : (0,6) (3,5) (1,7) (2,4) 
1780 K4 : (0,6) (3,5) (2,4) (1,7) 
1781 K5 : (0,6) (3,5) (2,7) 
1782 K4 : (0,6) (3,7) (1,5) (2,4) 
1783 K4 : (0,6) (3,7) (2,4) (1,5) 
1784 K4 : (0,7) (1,5) (2,4) (3,6) 
1785 K5 : (0,7) (1,5) (3,4) 
1786 K4 : (0,7) (1,5) (3,6) (2,4) 
1787 K4 : (0,7) (2,4) (1,5) (3,6) 
1788 K5 : (0,7) (2,4) (3,5) 
1789 K4 : (0,7) (2,4) (3,6) (1,5) 
1790 K5 : (0,7) (3,4) (1,5) 
1791 K5 : (0,7) (3,5) (2,4) 
1792 K4 : (0,7) (3,6) (1,5) (2,4) 
1793 K4 : (0,7) (3,6) (2,4) (1,5) 
1794 K4 : (1,5) (0,6) (2,4) (3,7) 
1795 K4 : (1,5) (0,6) (2,7) (3,4) 
1796 K4 : (1,5) (0,6) (3,4) (2,7) 
1797 K4 : (1,5) (0,6) (3,7) (2,4) 
1798 K4 : (1,5) (0,7) (2,4) (3,6) 
1799 K5 : (1,5) (0,7) (3,4) 
1800 K4 : (1,5) (0,7) (3,6) (2,4) 
1801 K4 : (1,5) (2,4) (0,6) (3,7) 
1802 K4 : (1,5) (2,4) (0,7) (3,6) 
1803 K4 : (1,5) (2,4) (3,6) (0,7) 
1804 K4 : (1,5) (2,4) (3,7) (0,6) 
1805 K4 : (1,5) (2,7) (0,6) (3,4) 
1806 K4 : (1,5) (2,7) (3,4) (0,6) 
1807 K5 : (1,5) (2,7) (3,6) 
1808 K4 : (1,5) (3,4) (0,6) (2,7) 
1809 K5 : (1,5) (3,4) (0,7) 
1810 K4 : (1,5) (3,4) (2,7) (0,6) 
1811 K4 : (1,5) (3,6) (0,7) (2,4) 
1812 K4 : (1,5) (3,6) (2,4) (0,7) 
1813 K5 : (1,5) (3,6) (2,7) 
1814 K4 : (1,5) (3,7) (0,6) (2,4) 
1815 K4 : (1,5) (3,7) (2,4) (0,6) 
1816 K4 : (1,7) (0,6) (2,4) (3,5) 
1817 K5 : (1,7) (0,6) (3,4) 
1818 K4 : (1,7) (0,6) (3,5) (2,4) 
1819 K4 : (1,7) (2,4) (0,6) (3,5) 
1820 K4 : (1,7) (2,4) (3,5) (0,6) 
1821 K5 : (1,7) (2,4) (3,6) 
1822 K5 : (1,7) (3,4) (0,6) 
1823 K4 : (1,7) (3,5) (0,6) (2,4) 
1824 K4 : (1,7) (3,5) (2,4) (0,6) 
1825 K5 : (1,7) (3,6) (2,4) 
1826 K4 : (2,4) (0,6) (1,5) (3,7) 
1827 K4 : (2,4) (0,6) (1,7) (3,5) 
1828 K4 : (2,4) (0,6) (3,5) (1,7) 
1829 K4 : (2,4) (0,6) (3,7) (1,5) 
1830 K4 : (2,4) (0,7) (1,5) (3,6) 
1831 K5 : (2,4) (0,7) (3,5) 
1832 K4 : (2,4) (0,7) (3,6) (1,5) 
1833 K4 : (2,4) (1,5) (0,6) (3,7) 
1834 K4 : (2,4) (1,5) (0,7) (3,6) 
1835 K4 : (2,4) (1,5) (3,6) (0,7) 
1836 K4 : (2,4) (1,5) (3,7) (0,6) 
1837 K4 : (2,4) (1,7) (0,6) (3,5) 
1838 K4 : (2,4) (1,7) (3,5) (0,6) 
1839 K5 : (2,4) (1,7) (3,6) 
1840 K4 : (2,4) (3,5) (0,6) (1,7) 
1841 K5 : (2,4) (3,5) (0,7) 
1842 K4 : (2,4) (3,5) (1,7) (0,6) 
1843 K4 : (2,4) (3,6) (0,7) (1,5) 
1844 K4 : (2,4) (3,6) (1,5) (0,7) 
1845 K5 : (2,4) (3,6) (1,7) 
1846 K4 : (2,4) (3,7) (0,6) (1,5) 
1847 K4 : (2,4) (3,7) (1,5) (0,6) 
1848 K4 : (2,7) (0,6) (1,5) (3,4) 
1849 K4 : (2,7) (0,6) (3,4) (1,5) 
1850 K5 : (2,7) (0,6) (3,5) 
1851 K4 : (2,7) (1,5) (0,6) (3,4) 
1852 K4 : (2,7) (1,5) (3,4) (0,6) 
1853 K5 : (2,7) (1,5) (3,6) 
1854 K4 : (2,7) (3,4) (0,6) (1,5) 
1855 K4 : (2,7) (3,4) (1,5) (0,6) 
1856 K5 : (2,7) (3,5) (0,6) 
1857 K5 : (2,7) (3,6) (1,5) 
1858 K4 : (3,4) (0,6) (1,5) (2,7) 
1859 K5 : (3,4) (0,6) (1,7) 
1860 K4 : (3,4) (0,6) (2,7) (1,5) 
1861 K5 : (3,4) (0,7) (1,5) 
1862 K4 : (3,4) (1,5) (0,6) (2,7) 
1863 K5 : (3,4) (1,5) (0,7) 
1864 K4 : (3,4) (1,5) (2,7) (0,6) 
1865 K5 : (3,4) (1,7) (0,6) 
1866 K4 : (3,4) (2,7) (0,6) (1,5) 
1867 K4 : (3,4) (2,7) (1,5) (0,6) 
1868 K4 : (3,5) (0,6) (1,7) (2,4) 
1869 K4 : (3,5) (0,6) (2,4) (1,7) 
1870 K5 : (3,5) (0,6) (2,7) 
1871 K5 : (3,5) (0,7) (2,4) 
1872 K4 : (3,5) (1,7) (0,6) (2,4) 
1873 K4 : (3,5) (1,7) (2,4) (0,6) 
1874 K4 : (3,5) (2,4) (0,6) (1,7) 
1875 K5 : (3,5) (2,4) (0,7) 
1876 K4 : (3,5) (2,4) (1,7) (0,6) 
1877 K5 : (3,5) (2,7) (0,6) 
1878 K4 : (3,6) (0,7) (1,5) (2,4) 
1879 K4 : (3,6) (0,7) (2,4) (1,5) 
1880 K4 : (3,6) (1,5) (0,7) (2,4) 
1881 K4 : (3,6) (1,5) (2,4) (0,7) 
1882 K5 : (3,6) (1,5) (2,7) 
1883 K5 : (3,6) (1,7) (2,4) 
1884 K4 : (3,6) (2,4) (0,7) (1,5) 
1885 K4 : (3,6) (2,4) (1,5) (0,7) 
1886 K5 : (3,6) (2,4) (1,7) 
1887 K5 : (3,6) (2,7) (1,5) 
1888 K4 : (3,7) (0,6) (1,5) (2,4) 
1889 K4 : (3,7) (0,6) (2,4) (1,5) 
1890 K4 : (3,7) (1,5) (0,6) (2,4) 
1891 K4 : (3,7) (1,5) (2,4) (0,6) 
1892 K4 : (3,7) (2,4) (0,6) (1,5) 
1893 K4 : (3,7) (2,4) (1,5) (0,6) 
1894 K5 : (0,6) (1,4) (2,3) 
1895 K5 : (0,6) (1,4) (2,5) 
1896 K5 : (0,6) (1,4) (2,7) 
1897 K5 : (0,6) (1,5) (2,3) 
1898 K4 : (0,6) (1,5) (2,7) (3,4) 
1899 K4 : (0,6) (1,5) (3,4) (2,7) 
1900 K5 : (0,6) (2,3) (1,4) 
1901 K5 : (0,6) (2,3) (1,5) 
1902 K5 : (0,6) (2,5) (1,4) 
1903 K5 : (0,6) (2,5) (3,4) 
1904 K5 : (0,6) (2,7) (1,4) 
1905 K4 : (0,6) (2,7) (1,5) (3,4) 
1906 K4 : (0,6) (2,7) (3,4) (1,5) 
1907 K4 : (0,6) (3,4) (1,5) (2,7) 
1908 K5 : (0,6) (3,4) (2,5) 
1909 K4 : (0,6) (3,4) (2,7) (1,5) 
1910 K4 : (0,7) (1,4) (2,3) (5,6) 
1911 K4 : (0,7) (1,4) (2,5) (3,6) 
1912 K4 : (0,7) (1,4) (3,6) (2,5) 
1913 K4 : (0,7) (1,4) (5,6) (2,3) 
1914 K5 : (0,7) (1,5) (2,3) 
1915 K5 : (0,7) (1,5) (3,4) 
1916 K5 : (0,7) (1,5) (3,6) 
1917 K4 : (0,7) (2,3) (1,4) (5,6) 
1918 K5 : (0,7) (2,3) (1,5) 
1919 K4 : (0,7) (2,3) (5,6) (1,4) 
1920 K4 : (0,7) (2,5) (1,4) (3,6) 
1921 K5 : (0,7) (2,5) (3,4) 
1922 K4 : (0,7) (2,5) (3,6) (1,4) 
1923 K5 : (0,7) (3,4) (1,5) 
1924 K5 : (0,7) (3,4) (2,5) 
1925 K5 : (0,7) (3,4) (5,6) 
1926 K4 : (0,7) (3,6) (1,4) (2,5) 
1927 K5 : (0,7) (3,6) (1,5) 
1928 K4 : (0,7) (3,6) (2,5) (1,4) 
1929 K4 : (0,7) (5,6) (1,4) (2,3) 
1930 K4 : (0,7) (5,6) (2,3) (1,4) 
1931 K5 : (0,7) (5,6) (3,4) 
1932 K5 : (1,4) (0,6) (2,3) 
1933 K5 : (1,4) (0,6) (2,5) 
1934 K5 : (1,4) (0,6) (2,7) 
1935 K4 : (1,4) (0,7) (2,3) (5,6) 
1936 K4 : (1,4) (0,7) (2,5) (3,6) 
1937 K4 : (1,4) (0,7) (3,6) (2,5) 
1938 K4 : (1,4) (0,7) (5,6) (2,3) 
1939 K5 : (1,4) (2,3) (0,6) 
1940 K4 : (1,4) (2,3) (0,7) (5,6) 
1941 K4 : (1,4) (2,3) (5,6) (0,7) 
1942 K5 : (1,4) (2,5) (0,6) 
1943 K4 : (1,4) (2,5) (0,7) (3,6) 
1944 K4 : (1,4) (2,5) (3,6) (0,7) 
1945 K5 : (1,4) (2,7) (0,6) 
1946 K5 : (1,4) (2,7) (3,6) 
1947 K5 : (1,4) (2,7) (5,6) 
1948 K4 : (1,4) (3,6) (0,7) (2,5) 
1949 K4 : (1,4) (3,6) (2,5) (0,7) 
1950 K5 : (1,4) (3,6) (2,7) 
1951 K4 : (1,4) (5,6) (0,7) (2,3) 
1952 K4 : (1,4) (5,6) (2,3) (0,7) 
1953 K5 : (1,4) (5,6) (2,7) 
1954 K5 : (1,5) (0,6) (2,3) 
1955 K4 : (1,5) (0,6) (2,7) (3,4) 
1956 K4 : (1,5) (0,6) (3,4) (2,7) 
1957 K5 : (1,5) (0,7) (2,3) 
1958 K5 : (1,5) (0,7) (3,4) 
1959 K5 : (1,5) (0,7) (3,6) 
1960 K5 : (1,5) (2,3) (0,6) 
1961 K5 : (1,5) (2,3) (0,7) 
1962 K4 : (1,5) (2,7) (0,6) (3,4) 
1963 K4 : (1,5) (2,7) (3,4) (0,6) 
1964 K5 : (1,5) (2,7) (3,6) 
1965 K4 : (1,5) (3,4) (0,6) (2,7) 
1966 K5 : (1,5) (3,4) (0,7) 
1967 K4 : (1,5) (3,4) (2,7) (0,6) 
1968 K5 : (1,5) (3,6) (0,7) 
1969 K5 : (1,5) (3,6) (2,7) 
1970 K5 : (2,3) (0,6) (1,4) 
1971 K5 : (2,3) (0,6) (1,5) 
1972 K4 : (2,3) (0,7) (1,4) (5,6) 
1973 K5 : (2,3) (0,7) (1,5) 
1974 K4 : (2,3) (0,7) (5,6) (1,4) 
1975 K5 : (2,3) (1,4) (0,6) 
1976 K4 : (2,3) (1,4) (0,7) (5,6) 
1977 K4 : (2,3) (1,4) (5,6) (0,7) 
1978 K5 : (2,3) (1,5) (0,6) 
1979 K5 : (2,3) (1,5) (0,7) 
1980 K4 : (2,3) (5,6) (0,7) (1,4) 
1981 K4 : (2,3) (5,6) (1,4) (0,7) 
1982 K5 : (2,5) (0,6) (1,4) 
1983 K5 : (2,5) (0,6) (3,4) 
1984 K4 : (2,5) (0,7) (1,4) (3,6) 
1985 K5 : (2,5) (0,7) (3,4) 
1986 K4 : (2,5) (0,7) (3,6) (1,4) 
1987 K5 : (2,5) (1,4) (0,6) 
1988 K4 : (2,5) (1,4) (0,7) (3,6) 
1989 K4 : (2,5) (1,4) (3,6) (0,7) 
1990 K5 : (2,5) (3,4) (0,6) 
1991 K5 : (2,5) (3,4) (0,7) 
1992 K4 : (2,5) (3,6) (0,7) (1,4) 
1993 K4 : (2,5) (3,6) (1,4) (0,7) 
1994 K5 : (2,7) (0,6) (1,4) 
1995 K4 : (2,7) (0,6) (1,5) (3,4) 
1996 K4 : (2,7) (0,6) (3,4) (1,5) 
1997 K5 : (2,7) (1,4) (0,6) 
1998 K5 : (2,7) (1,4) (3,6) 
1999 K5 : (2,7) (1,4) (5,6) 
2000 K4 : (2,7) (1,5) (0,6) (3,4) 
2001 K4 : (2,7) (1,5) (3,4) (0,6) 
2002 K5 : (2,7) (1,5) (3,6) 
2003 K4 : (2,7) (3,4) (0,6) (1,5) 
2004 K4 : (2,7) (3,4) (1,5) (0,6) 
2005 K5 : (2,7) (3,4) (5,6) 
2006 K5 : (2,7) (3,6) (1,4) 
2007 K5 : (2,7) (3,6) (1,5) 
2008 K5 : (2,7) (5,6) (1,4) 
2009 K5 : (2,7) (5,6) (3,4) 
2010 K4 : (3,4) (0,6) (1,5) (2,7) 
2011 K5 : (3,4) (0,6) (2,5) 
2012 K4 : (3,4) (0,6) (2,7) (1,5) 
2013 K5 : (3,4) (0,7) (1,5) 
2014 K5 : (3,4) (0,7) (2,5) 
2015 K5 : (3,4) (0,7) (5,6) 
2016 K4 : (3,4) (1,5) (0,6) (2,7) 
2017 K5 : (3,4) (1,5) (0,7) 
2018 K4 : (3,4) (1,5) (2,7) (0,6) 
2019 K5 : (3,4) (2,5) (0,6) 
2020 K5 : (3,4) (2,5) (0,7) 
2021 K4 : (3,4) (2,7) (0,6) (1,5) 
2022 K4 : (3,4) (2,7) (1,5) (0,6) 
2023 K5 : (3,4) (2,7) (5,6) 
2024 K5 : (3,4) (5,6) (0,7) 
2025 K5 : (3,4) (5,6) (2,7) 
2026 K4 : (3,6) (0,7) (1,4) (2,5) 
2027 K5 : (3,6) (0,7) (1,5) 
2028 K4 : (3,6) (0,7) (2,5) (1,4) 
2029 K4 : (3,6) (1,4) (0,7) (2,5) 
2030 K4 : (3,6) (1,4) (2,5) (0,7) 
2031 K5 : (3,6) (1,4) (2,7) 
2032 K5 : (3,6) (1,5) (0,7) 
2033 K5 : (3,6) (1,5) (2,7) 
2034 K4 : (3,6) (2,5) (0,7) (1,4) 
2035 K4 : (3,6) (2,5) (1,4) (0,7) 
2036 K5 : (3,6) (2,7) (1,4) 
2037 K5 : (3,6) (2,7) (1,5) 
2038 K4 : (5,6) (0,7) (1,4) (2,3) 
2039 K4 : (5,6) (0,7) (2,3) (1,4) 
2040 K5 : (5,6) (0,7) (3,4) 
2041 K4 : (5,6) (1,4) (0,7) (2,3) 
2042 K4 : (5,6) (1,4) (2,3) (0,7) 
2043 K5 : (5,6) (1,4) (2,7) 
2044 K4 : (5,6) (2,3) (0,7) (1,4) 
2045 K4 : (5,6) (2,3) (1,4) (0,7) 
2046 K5 : (5,6) (2,7) (1,4) 
2047 K5 : (5,6) (2,7) (3,4) 
2048 K5 : (5,6) (3,4) (0,7) 
2049 K5 : (5,6) (3,4) (2,7) 
